### BEGIN python3 fs.py -d /usr/bin###

*0|/usr/bin/catchsegv|22284|33261|0|0|3330|1646796625|1646306850|1646306850|1646306850|
*0|/usr/bin/sg_read_block_limits|2429|33261|0|0|14728|1646796626|1644247962|1644247962|1644247962|
*0|/usr/bin/sleep|1612|33261|0|0|39256|1646778140|1644247962|1644247962|1644247962|
*0|/usr/bin/updatedb|29696|41471|0|0|26|1646943501|1646883637|1646883637|1646883637|
*0|/usr/bin/py3versions|1674|41471|0|0|31|1646943501|1644247962|1644247962|1644247962|
*0|/usr/bin/sort|1725|33261|0|0|117376|1646911501|1644247962|1644247962|1644247962|
*0|/usr/bin/update-mime-database|1952|33261|0|0|59768|1646796626|1644247962|1644247962|1644247962|
*0|/usr/bin/jsonpointer|2376|33261|0|0|1838|1646796625|1644247962|1644247962|1644247962|
*0|/usr/bin/cautious-launcher|1979|33261|0|0|853|1646796625|1644247962|1644247962|1644247962|
*0|/usr/bin/nawk|1684|41471|0|0|22|1646943501|1644247962|1644247962|1644247962|
*0|/usr/bin/ul|2065|33261|0|0|18600|1646796626|1644247962|1644247962|1644247962|
*0|/usr/bin/ssh-import-id|2502|33261|0|0|409|1646796626|1644247962|1644247962|1644247962|
*0|/usr/bin/h2xs|2119|33261|0|0|60866|1646796625|1644247962|1644247962|1644247962|
*0|/usr/bin/systemd-umount|2031|41471|0|0|13|1646943501|1644247962|1644247962|1644247962|
*0|/usr/bin/setmetamode|1942|33261|0|0|14440|1646796625|1644247962|1644247962|1644247962|
*0|/usr/bin/col6|2281|41471|0|0|4|1646943501|1644247962|1644247962|1644247962|
*0|/usr/bin/run-this-one|2386|41471|0|0|7|1646943501|1644247962|1644247962|1644247962|
*0|/usr/bin/look|2061|33261|0|0|14728|1646796625|1644247962|1644247962|1644247962|
*0|/usr/bin/lspgpot|2300|33261|0|0|1081|1646796625|1644247962|1644247962|1644247962|
*0|/usr/bin/tzselect|29182|33261|0|0|15378|1646796626|1646306850|1646306850|1646306850|
*0|/usr/bin/ntfsinfo|2043|33261|0|0|59672|1646796625|1644247962|1644247962|1644247962|
*0|/usr/bin/faillog|1565|33261|0|0|23136|1646796625|1644247962|1644247962|1644247962|
*0|/usr/bin/sg_ses|2450|33261|0|0|122648|1646796626|1644247962|1644247962|1644247962|
*0|/usr/bin/debconf-copydb|1589|33261|0|0|1719|1646796625|1644247962|1644247962|1644247962|
*0|/usr/bin/ntfssecaudit|2047|33261|0|0|97024|1646796625|1644247962|1644247962|1644247962|
*0|/usr/bin/volname|1907|33261|0|0|14488|1646796626|1644247962|1644247962|1644247962|
*0|/usr/bin/apt|1790|33261|0|0|18824|1646883634|1644247962|1644247962|1644247962|
*0|/usr/bin/xauth|2176|33261|0|0|56288|1646796626|1644247962|1644247962|1644247962|
*0|/usr/bin/dbus-update-activation-environment|1757|33261|0|0|14480|1646796625|1644247962|1644247962|1644247962|
*0|/usr/bin/vmware-xferlogs|2501|33261|0|0|14560|1646796626|1644247962|1644247962|1644247962|
*0|/usr/bin/lcf|1970|33261|0|0|7786|1646796625|1644247962|1644247962|1644247962|
*0|/usr/bin/lsipc|72093|33261|0|0|96488|1646796625|1646048180|1646048180|1646048180|
*0|/usr/bin/systemd-ask-password|1766|33261|0|0|14680|1646796626|1644247962|1644247962|1644247962|
*0|/usr/bin/ptargrep|2137|33261|0|0|4392|1646796625|1644247962|1644247962|1644247962|
*0|/usr/bin/git-shell|2319|33261|0|0|1773344|1646796625|1644247962|1644247962|1644247962|
*0|/usr/bin/rtstat|1917|41471|0|0|6|1646943501|1644247962|1644247962|1644247962|
*0|/usr/bin/df|1575|33261|0|0|93128|1646796625|1644247962|1644247962|1644247962|
*0|/usr/bin/sg_vpd|2461|33261|0|0|116920|1646796626|1644247962|1644247962|1644247962|
*0|/usr/bin/hd|2067|41471|0|0|7|1646943501|1644247962|1644247962|1644247962|
*0|/usr/bin/vim.basic|2394|33261|0|0|2906824|1646796625|1644247962|1644247962|1644247962|
*0|/usr/bin/net|72377|33261|0|0|990416|1646796625|1646270050|1646270050|1646270050|
*0|/usr/bin/lsof|2189|33261|0|0|175744|1646874930|1644247962|1644247962|1644247962|
*0|/usr/bin/systemd-cgtop|2019|33261|0|0|39160|1646796626|1644247962|1644247962|1644247962|
*0|/usr/bin/gpgsm|2309|33261|0|0|519416|1646796625|1644247962|1644247962|1644247962|
*0|/usr/bin/from|2099|41471|0|0|22|1646943501|1644247962|1644247962|1644247962|
*0|/usr/bin/btrfs-image|2234|33261|0|0|462368|1646796625|1644247962|1644247962|1644247962|
*0|/usr/bin/byobu-status|2264|33261|0|0|6015|1646778141|1644247962|1644247962|1644247962|
*0|/usr/bin/rescan-scsi-bus.sh|2396|33261|0|0|39064|1646796625|1644247962|1644247962|1644247962|
*0|/usr/bin/bunzip2|1893|33261|0|0|39144|1646796625|1644247962|1644247962|1644247962|
*0|/usr/bin/man-recode|2086|33261|0|0|27544|1646796625|1644247962|1644247962|1644247962|
*0|/usr/bin/usbhid-dump|2160|33261|0|0|31112|1646796626|1644247962|1644247962|1644247962|
*0|/usr/bin/tset|1774|33261|0|0|31040|1646918554|1644247962|1644247962|1644247962|
*0|/usr/bin/scsi_ready|2400|33261|0|0|1121|1646796625|1644247962|1644247962|1644247962|
*0|/usr/bin/lzless|2002|41471|0|0|24|1646943501|1644247962|1644247962|1644247962|
*0|/usr/bin/bzfgrep|1901|41471|0|0|6|1646943501|1644247962|1644247962|1644247962|
*0|/usr/bin/lexgrog|2084|33261|0|0|101320|1646796625|1644247962|1644247962|1644247962|
*0|/usr/bin/ping|1918|33261|0|0|72776|1646796625|1644247962|1644247962|1644247962|
*0|/usr/bin/slabtop|1815|33261|0|0|22768|1646796626|1644247962|1644247962|1644247962|
*0|/usr/bin/gapplication|2344|33261|0|0|22920|1646796625|1644247962|1644247962|1644247962|
*0|/usr/bin/delv|2164|33261|0|0|49552|1646796625|1644247962|1644247962|1644247962|
*0|/usr/bin/dbus-send|1756|33261|0|0|30864|1646796625|1644247962|1644247962|1644247962|
*0|/usr/bin/who|1744|33261|0|0|59768|1646871917|1644247962|1644247962|1644247962|
*0|/usr/bin/on_ac_power|2209|41471|0|0|17|1646943501|1644247962|1644247962|1644247962|
*0|/usr/bin/chown|1571|33261|0|0|72024|1646796625|1644247962|1644247962|1644247962|
*0|/usr/bin/pic|2075|33261|0|0|221536|1646796625|1644247962|1644247962|1644247962|
*0|/usr/bin/sg_raw|2424|33261|0|0|31400|1646796626|1644247962|1644247962|1644247962|
*0|/usr/bin/tload|1816|33261|0|0|22776|1646796626|1644247962|1644247962|1644247962|
*0|/usr/bin/setpci|2206|33261|0|0|30960|1646796625|1644247962|1644247962|1644247962|
*0|/usr/bin/tsort|1737|33261|0|0|43352|1646796626|1644247962|1644247962|1644247962|
*0|/usr/bin/pastebinit|2370|33261|0|0|16515|1646796625|1644247962|1644247962|1644247962|
*0|/usr/bin/bash|1598|33261|0|0|1183448|1646872249|1644247962|1644247962|1644247962|
*0|/usr/bin/cloud-init|2488|33261|0|0|394|1646796625|1644247962|1644247962|1644247962|
*0|/usr/bin/lsattr|1686|33261|0|0|14656|1646796625|1644247962|1644247962|1644247962|
*0|/usr/bin/dumpkeys|1922|33261|0|0|178712|1646796625|1644247962|1644247962|1644247962|
*0|/usr/bin/rev|72106|33261|0|0|14568|1646796625|1646048180|1646048180|1646048180|
*0|/usr/bin/dpkg-trigger|1643|33261|0|0|84472|1646796625|1644247962|1644247962|1644247962|
*0|/usr/bin/plymouth|2208|33261|0|0|51352|1646796625|1644247962|1644247962|1644247962|
*0|/usr/bin/ipcs|72090|33261|0|0|67816|1646796625|1646048180|1646048180|1646048180|
*0|/usr/bin/sss_ssh_authorizedkeys|72523|33261|0|0|31032|1646796626|1646270069|1646270069|1646270069|
*0|/usr/bin/lz4|2285|33261|0|0|190704|1646796625|1644247962|1644247962|1644247962|
*0|/usr/bin/yes|1746|33261|0|0|39256|1646796626|1644247962|1644247962|1644247962|
*0|/usr/bin/tput|1773|33261|0|0|26968|1646778140|1644247962|1644247962|1644247962|
*0|/usr/bin/byobu-enable|2246|33261|0|0|1182|1646796625|1644247962|1644247962|1644247962|
*0|/usr/bin/git|2318|33261|0|0|3093072|1646796625|1644247962|1644247962|1644247962|
*0|/usr/bin/uncompress|1652|33261|0|0|2346|1646796625|1644247962|1644247962|1644247962|
*0|/usr/bin/clear|1768|33261|0|0|14656|1646781275|1644247962|1644247962|1644247962|
*0|/usr/bin/sg_format|2411|33261|0|0|35976|1646796626|1644247962|1644247962|1644247962|
*0|/usr/bin/networkd-dispatcher|1953|33261|0|0|18396|1646796625|1644247962|1644247962|1644247962|
*0|/usr/bin/rcp|2375|41471|0|0|21|1646943501|1644247962|1644247962|1644247962|
*0|/usr/bin/ntfscmp|2040|33261|0|0|39176|1646796625|1644247962|1644247962|1644247962|
*0|/usr/bin/ipcrm|72089|33261|0|0|35048|1646796625|1646048180|1646048180|1646048180|
*0|/usr/bin/byobu-ugraph|2266|33261|0|0|4667|1646796625|1644247962|1644247962|1644247962|
*0|/usr/bin/dh_bash-completion|2155|33261|0|0|2446|1646796625|1644247962|1644247962|1644247962|
*0|/usr/bin/jsonpatch|2377|33261|0|0|3662|1646796625|1644247962|1644247962|1644247962|
*0|/usr/bin/ischroot|1596|33261|0|0|14536|1646796625|1644247962|1644247962|1644247962|
*0|/usr/bin/libnetcfg|2122|33261|0|0|15775|1646796625|1644247962|1644247962|1644247962|
*0|/usr/bin/splitfont|1945|33261|0|0|14328|1646796626|1644247962|1644247962|1644247962|
*0|/usr/bin/pr|1711|33261|0|0|76216|1646796625|1644247962|1644247962|1644247962|
*0|/usr/bin/printf|1713|33261|0|0|59736|1646796625|1644247962|1644247962|1644247962|
*0|/usr/bin/tbl|2078|33261|0|0|141832|1646796625|1644247962|1644247962|1644247962|
*0|/usr/bin/pwd|1608|33261|0|0|43352|1646772880|1644247962|1644247962|1644247962|
*0|/usr/bin/toe|1772|33261|0|0|22840|1646796626|1644247962|1644247962|1644247962|
*0|/usr/bin/run-mailcap|1980|33261|0|0|18487|1646796625|1644247962|1644247962|1644247962|
*0|/usr/bin/whoami|1745|33261|0|0|39256|1646876014|1644247962|1644247962|1644247962|
*0|/usr/bin/time|2154|33261|0|0|14720|1646796626|1644247962|1644247962|1644247962|
*0|/usr/bin/locale-check|1678|33261|0|0|14496|1646872249|1644247962|1644247962|1644247962|
*0|/usr/bin/dircolors|1630|33261|0|0|47456|1646941270|1644247962|1644247962|1644247962|
*0|/usr/bin/base64|1623|33261|0|0|43352|1646796625|1644247962|1644247962|1644247962|
*0|/usr/bin/traceroute6.iputils|2184|33261|0|0|26776|1646796626|1644247962|1644247962|1644247962|
*0|/usr/bin/findmnt|16289|33261|0|0|73128|1646796625|1646048180|1646048180|1646048180|
*0|/usr/bin/mawk|1761|33261|0|0|162552|1646796625|1644247962|1644247962|1644247962|
*0|/usr/bin/ln|1579|33261|0|0|76160|1646796625|1644247962|1644247962|1644247962|
*0|/usr/bin/prove|2134|33261|0|0|13655|1646796625|1644247962|1644247962|1644247962|
*0|/usr/bin/nsupdate|2168|33261|0|0|72216|1646796625|1644247962|1644247962|1644247962|
*0|/usr/bin/watchgnupg|2303|33261|0|0|18744|1646796626|1644247962|1644247962|1644247962|
*0|/usr/bin/lscpu|72092|33261|0|0|100584|1646796625|1646048180|1646048180|1646048180|
*0|/usr/bin/col4|2279|41471|0|0|4|1646943501|1644247962|1644247962|1644247962|
*0|/usr/bin/ionice|72087|33261|0|0|30952|1646911501|1646048180|1646048180|1646048180|
*0|/usr/bin/zipdetails|2141|33261|0|0|50718|1646796626|1644247962|1644247962|1644247962|
*0|/usr/bin/byobu-launcher-uninstall|2254|33261|0|0|1561|1646796625|1644247962|1644247962|1644247962|
*0|/usr/bin/ubuntu-bug|2223|41471|0|0|10|1646943501|1644247962|1644247962|1644247962|
*0|/usr/bin/envsubst|2177|33261|0|0|43240|1646796625|1644247962|1644247962|1644247962|
*0|/usr/bin/manpath|2088|33261|0|0|39632|1646796625|1644247962|1644247962|1644247962|
*0|/usr/bin/wc|1743|33261|0|0|47456|1646778141|1644247962|1644247962|1644247962|
*0|/usr/bin/sg_copy_results|2407|33261|0|0|23704|1646796625|1644247962|1644247962|1644247962|
*0|/usr/bin/zgrep|1661|33261|0|0|7585|1646796626|1644247962|1644247962|1644247962|
*0|/usr/bin/sg_write_verify|2466|33261|0|0|23176|1646796626|1644247962|1644247962|1644247962|
*0|/usr/bin/sg_persist|2422|33261|0|0|36792|1646796626|1644247962|1644247962|1644247962|
*0|/usr/bin/podselect|2133|33261|0|0|2527|1646796625|1644247962|1644247962|1644247962|
*0|/usr/bin/xzcmp|1975|41471|0|0|6|1646943501|1644247962|1644247962|1644247962|
*0|/usr/bin/sg_rdac|2426|33261|0|0|18600|1646796626|1644247962|1644247962|1644247962|
*0|/usr/bin/tempfile|1594|33261|0|0|14360|1646796626|1644247962|1644247962|1644247962|
*0|/usr/bin/sg_write_same|2465|33261|0|0|27400|1646796626|1644247962|1644247962|1644247962|
*0|/usr/bin/locate|29689|41471|0|0|24|1646883654|1646883637|1646883637|1646883637|
*0|/usr/bin/su|22961|35309|0|0|67816|1646918483|1646048180|1646048180|1646048180|
*0|/usr/bin/prtstat|2213|33261|0|0|22760|1646796625|1644247962|1644247962|1644247962|
*0|/usr/bin/pdb3.8|1820|41471|0|0|23|1646943501|1644247962|1644247962|1644247962|
*0|/usr/bin/usbreset|2161|33261|0|0|14640|1646796626|1644247962|1644247962|1644247962|
*0|/usr/bin/ptx|1714|33261|0|0|80280|1646796625|1644247962|1644247962|1644247962|
*0|/usr/bin/ss|1910|33261|0|0|168800|1646796626|1644247962|1644247962|1644247962|
*0|/usr/bin/scriptreplay|1856|33261|0|0|30952|1646796625|1646048194|1646048194|1646048194|
*0|/usr/bin/curl|2307|33261|0|0|239848|1646796625|1644247962|1644247962|1644247962|
*0|/usr/bin/ntfswipe|2050|33261|0|0|56104|1646796625|1644247962|1644247962|1644247962|
*0|/usr/bin/finalrd|2239|33261|0|0|2152|1646796625|1644247962|1644247962|1644247962|
*0|/usr/bin/debconf-escape|1590|33261|0|0|647|1646796625|1644247962|1644247962|1644247962|
*0|/usr/bin/sg_emc_trespass|2410|33261|0|0|14488|1646796626|1644247962|1644247962|1644247962|
*0|/usr/bin/getopt|72086|33261|0|0|22760|1646796625|1646048180|1646048180|1646048180|
*0|/usr/bin/rsync|2095|33261|0|0|504472|1646796625|1644247962|1644247962|1644247962|
*0|/usr/bin/py3compile|1673|33261|0|0|12120|1646796625|1644247962|1644247962|1644247962|
*0|/usr/bin/rgrep|1651|33261|0|0|30|1646796625|1644247962|1644247962|1644247962|
*0|/usr/bin/debconf-set-selections|1591|33261|0|0|2935|1646796625|1644247962|1644247962|1644247962|
*0|/usr/bin/sg_write_long|2464|33261|0|0|14952|1646796626|1644247962|1644247962|1644247962|
*0|/usr/bin/geqn|2080|41471|0|0|3|1646943501|1644247962|1644247962|1644247962|
*0|/usr/bin/psfgettable|1948|41471|0|0|9|1646943501|1644247962|1644247962|1644247962|
*0|/usr/bin/md5sum.textutils|1826|41471|0|0|6|1646943501|1644247962|1644247962|1644247962|
*0|/usr/bin/scsi_start|2402|33261|0|0|1285|1646796625|1644247962|1644247962|1644247962|
*0|/usr/bin/timeout|1734|33261|0|0|43800|1646778140|1644247962|1644247962|1644247962|
*0|/usr/bin/nroff|2074|33261|0|0|3293|1646796625|1644247962|1644247962|1644247962|
*0|/usr/bin/scp|2195|33261|0|0|117040|1646796625|1644247962|1644247962|1644247962|
*0|/usr/bin/lsns|72097|33261|0|0|51440|1646796625|1646048180|1646048180|1646048180|
*0|/usr/bin/ucfr|1973|33261|0|0|10722|1646796626|1644247962|1644247962|1644247962|
*0|/usr/bin/col5|2280|41471|0|0|4|1646943501|1644247962|1644247962|1644247962|
*0|/usr/bin/byobu-keybindings|2250|33261|0|0|1506|1646796625|1644247962|1644247962|1644247962|
*0|/usr/bin/lspci|2205|33261|0|0|94160|1646796625|1644247962|1644247962|1644247962|
*0|/usr/bin/h2ph|2118|33261|0|0|29224|1646796625|1644247962|1644247962|1644247962|
*0|/usr/bin/systemd|2029|41471|0|0|20|1646943501|1644247962|1644247962|1644247962|
*0|/usr/bin/ckeygen3|2350|33261|0|0|386|1646796625|1644247962|1644247962|1644247962|
*0|/usr/bin/w.procps|1823|33261|0|0|22760|1646796626|1644247962|1644247962|1644247962|
*0|/usr/bin/at|2224|36333|1|1|55560|1646796625|1644247962|1644247962|1644247962|
*0|/usr/bin/troff|2079|33261|0|0|753568|1646796626|1644247962|1644247962|1644247962|
*0|/usr/bin/nl|1703|33261|0|0|43448|1646796625|1644247962|1644247962|1644247962|
*0|/usr/bin/zmore|1663|33261|0|0|1842|1646796626|1644247962|1644247962|1644247962|
*0|/usr/bin/groff|2069|33261|0|0|124448|1646796625|1644247962|1644247962|1644247962|
*0|/usr/bin/dpkg|1636|33261|0|0|309944|1646871917|1644247962|1644247962|1644247962|
*0|/usr/bin/byobu-silent|2263|33261|0|0|1306|1646796625|1644247962|1644247962|1644247962|
*0|/usr/bin/base32|1622|33261|0|0|43352|1646796625|1644247962|1644247962|1644247962|
*0|/usr/bin/debconf|1586|33261|0|0|2859|1646796625|1644247962|1644247962|1644247962|
*0|/usr/bin/loadkeys|1925|33261|0|0|215624|1646796625|1644247962|1644247962|1644247962|
*0|/usr/bin/pbput|2371|33261|0|0|2569|1646796625|1644247962|1644247962|1644247962|
*0|/usr/bin/byobu-config|2242|33261|0|0|996|1646796625|1644247962|1644247962|1644247962|
*0|/usr/bin/ldapmodify|69568|33261|0|0|80192|1646796625|1646270038|1646270038|1646270038|
*0|/usr/bin/cvtsudoers|1954|33261|0|0|273096|1646796625|1644247962|1644247962|1644247962|
*0|/usr/bin/lzcmp|2004|41471|0|0|23|1646943501|1644247962|1644247962|1644247962|
*0|/usr/bin/apport-bug|2218|33261|0|0|2558|1646796625|1644247962|1644247962|1644247962|
*0|/usr/bin/grotty|2072|33261|0|0|132672|1646796625|1644247962|1644247962|1644247962|
*0|/usr/bin/logger|1852|33261|0|0|52040|1646911501|1646048194|1646048194|1646048194|
*0|/usr/bin/mtr|2191|33261|0|0|82176|1646796625|1644247962|1644247962|1644247962|
*0|/usr/bin/lzgrep|2005|41471|0|0|24|1646943501|1644247962|1644247962|1644247962|
*0|/usr/bin/groups|1692|33261|0|0|39256|1646858538|1644247962|1644247962|1644247962|
*0|/usr/bin/addpart|72079|33261|0|0|30952|1646796625|1646048180|1646048180|1646048180|
*0|/usr/bin/gdbus|2345|33261|0|0|51592|1646825701|1644247962|1644247962|1644247962|
*0|/usr/bin/vmware-vgauth-smoketest|2499|33261|0|0|22696|1646796626|1644247962|1644247962|1644247962|
*0|/usr/bin/mknod|1582|33261|0|0|72024|1646796625|1644247962|1644247962|1644247962|
*0|/usr/bin/udevadm|1793|33261|0|0|941264|1646796626|1644247962|1644247962|1644247962|
*0|/usr/bin/systemd-stdio-bridge|2027|33261|0|0|22760|1646796626|1644247962|1644247962|1644247962|
*0|/usr/bin/grep|1650|33261|0|0|199136|1646883114|1644247962|1644247962|1644247962|
*0|/usr/bin/run-parts|1593|33261|0|0|27144|1646889421|1644247962|1644247962|1644247962|
*0|/usr/bin/setkeycodes|1939|33261|0|0|14408|1646796625|1644247962|1644247962|1644247962|
*0|/usr/bin/clear_console|1602|33261|0|0|14568|1646888991|1644247962|1644247962|1644247962|
*0|/usr/bin/sg_sat_phy_event|2444|33261|0|0|19304|1646796626|1644247962|1644247962|1644247962|
*0|/usr/bin/ntfsusermap|2049|33261|0|0|39096|1646796625|1644247962|1644247962|1644247962|
*0|/usr/bin/true|1616|33261|0|0|39256|1646911501|1644247962|1644247962|1644247962|
*0|/usr/bin/lsblk|19362|33261|0|0|133352|1646796625|1646048180|1646048180|1646048180|
*0|/usr/bin/hwe-support-status|2149|33261|0|0|10830|1646849268|1644247962|1644247962|1644247962|
*0|/usr/bin/busctl|2011|33261|0|0|88416|1646796625|1644247962|1644247962|1644247962|
*0|/usr/bin/tr|1735|33261|0|0|51544|1646883114|1644247962|1644247962|1644247962|
*0|/usr/bin/udisksctl|2484|33261|0|0|59776|1646796626|1644247962|1644247962|1644247962|
*0|/usr/bin/ntfsmove|2045|33261|0|0|39176|1646796625|1644247962|1644247962|1644247962|
*0|/usr/bin/sensible-editor|1787|33261|0|0|1169|1646796625|1644247962|1644247962|1644247962|
*0|/usr/bin/flock|72085|33261|0|0|35128|1646883637|1646048180|1646048180|1646048180|
*0|/usr/bin/systemd-socket-activate|2026|33261|0|0|26848|1646796626|1644247962|1644247962|1644247962|
*0|/usr/bin/bzip2|1893|33261|0|0|39144|1646796625|1644247962|1644247962|1644247962|
*0|/usr/bin/slogin|2204|41471|0|0|3|1646883637|1644247962|1644247962|1644247962|
*0|/usr/bin/csplit|1628|33261|0|0|55672|1646796625|1644247962|1644247962|1644247962|
*0|/usr/bin/rvim|2107|41471|0|0|22|1646943501|1644247962|1644247962|1644247962|
*0|/usr/bin/lsmem|72096|33261|0|0|67816|1646796625|1646048180|1646048180|1646048180|
*0|/usr/bin/xzdiff|1963|33261|0|0|6632|1646796625|1644247962|1644247962|1644247962|
*0|/usr/bin/dbus-monitor|1754|33261|0|0|30864|1646796625|1644247962|1644247962|1644247962|
*0|/usr/bin/grub-ntldr-img|2341|41471|0|0|34|1646943501|1644247962|1644247962|1644247962|
*0|/usr/bin/du|1681|33261|0|0|108920|1646796625|1644247962|1644247962|1644247962|
*0|/usr/bin/eject|1906|33261|0|0|35680|1646796625|1644247962|1644247962|1644247962|
*0|/usr/bin/apt-key|1808|33261|0|0|27931|1646889800|1644247962|1644247962|1644247962|
*0|/usr/bin/whereis|72114|33261|0|0|35496|1646796626|1646048180|1646048180|1646048180|
*0|/usr/bin/setarch|72107|33261|0|0|27136|1646796625|1646048180|1646048180|1646048180|
*0|/usr/bin/netkit-ftp|2175|33261|0|0|109256|1646796625|1644247962|1644247962|1644247962|
*0|/usr/bin/tar|1760|33261|0|0|448112|1646911501|1644247962|1644247962|1644247962|
*0|/usr/bin/prlimit|72103|33261|0|0|39672|1646796625|1646048180|1646048180|1646048180|
*0|/usr/bin/cksum|1626|33261|0|0|39256|1646796625|1644247962|1644247962|1644247962|
*0|/usr/bin/ldapmodrdn|69569|33261|0|0|67904|1646796625|1646270038|1646270038|1646270038|
*0|/usr/bin/screen|2395|33261|0|0|474280|1646796625|1644247962|1644247962|1644247962|
*0|/usr/bin/rnano|2194|41471|0|0|4|1646943501|1644247962|1644247962|1644247962|
*0|/usr/bin/lzdiff|2003|41471|0|0|24|1646943501|1644247962|1644247962|1644247962|
*0|/usr/bin/btrfs-find-root|2233|33261|0|0|433760|1646796625|1644247962|1644247962|1644247962|
*0|/usr/bin/chattr|1685|33261|0|0|14656|1646796625|1644247962|1644247962|1644247962|
*0|/usr/bin/sg_xcopy|2468|33261|0|0|43176|1646796626|1644247962|1644247962|1644247962|
*0|/usr/bin/vmware-toolbox-cmd|2497|33261|0|0|47552|1646796626|1644247962|1644247962|1644247962|
*0|/usr/bin/ldapurl|69572|33261|0|0|26784|1646796625|1646270038|1646270038|1646270038|
*0|/usr/bin/fuser|2210|33261|0|0|40184|1646796625|1644247962|1644247962|1644247962|
*0|/usr/bin/users|1742|33261|0|0|39256|1646796626|1644247962|1644247962|1644247962|
*0|/usr/bin/sg_read_buffer|2430|33261|0|0|27464|1646796626|1644247962|1644247962|1644247962|
*0|/usr/bin/grub-script-check|2339|33261|0|0|278224|1646796625|1644247962|1644247962|1644247962|
*0|/usr/bin/fusermount|2091|35309|0|0|39144|1646796625|1644247962|1644247962|1644247962|
*0|/usr/bin/mktemp|1583|33261|0|0|47448|1646883114|1644247962|1644247962|1644247962|
*0|/usr/bin/vcs-run|2207|33261|0|0|6912|1646796626|1644247962|1644247962|1644247962|
*0|/usr/bin/deb-systemd-helper|1669|33261|0|0|21328|1646796625|1644247962|1644247962|1644247962|
*0|/usr/bin/lessecho|1889|33261|0|0|14656|1646796625|1644247962|1644247962|1644247962|
*0|/usr/bin/seq|1717|33261|0|0|51544|1646796625|1644247962|1644247962|1644247962|
*0|/usr/bin/ntfs-3g|2036|33261|0|0|158608|1646796625|1644247962|1644247962|1644247962|
*0|/usr/bin/psfstriptable|1949|41471|0|0|9|1646943501|1644247962|1644247962|1644247962|
*0|/usr/bin/mv|1607|33261|0|0|149888|1646911501|1644247962|1644247962|1644247962|
*0|/usr/bin/sbattach|2388|33261|0|0|55632|1646796625|1644247962|1644247962|1644247962|
*0|/usr/bin/perl|1759|33261|0|0|3478464|1646883635|1644247962|1644247962|1644247962|
*0|/usr/bin/wall|1857|34285|0|5|35048|1646796626|1646048194|1646048194|1646048194|
*0|/usr/bin/cpio|2171|33261|0|0|165504|1646796625|1644247962|1644247962|1644247962|
*0|/usr/bin/chrt|72081|33261|0|0|39144|1646796625|1646048180|1646048180|1646048180|
*0|/usr/bin/fwupdate|2313|33261|0|0|72200|1646796625|1644247962|1644247962|1644247962|
*0|/usr/bin/gpgcompose|2295|33261|0|0|895272|1646796625|1644247962|1644247962|1644247962|
*0|/usr/bin/mlocate|21271|34285|0|120|47344|1646883654|1646883637|1646883637|1646883637|
*0|/usr/bin/cloud-init-per|2489|33261|0|0|2108|1646796625|1644247962|1644247962|1644247962|
*0|/usr/bin/updatedb.mlocate|22950|33261|0|0|51440|1646883637|1646883636|1646883636|1646883636|
*0|/usr/bin/gzip|1654|33261|0|0|97496|1646911501|1644247962|1644247962|1644247962|
*0|/usr/bin/setleds|1940|33261|0|0|14392|1646796625|1644247962|1644247962|1644247962|
*0|/usr/bin/pager|1631|41471|0|0|23|1646943501|1644247962|1644247962|1644247962|
*0|/usr/bin/apt-mark|1809|33261|0|0|63960|1646796625|1644247962|1644247962|1644247962|
*0|/usr/bin/apt-cache|1791|33261|0|0|88536|1646796625|1644247962|1644247962|1644247962|
*0|/usr/bin/sbvarsign|2392|33261|0|0|63952|1646796625|1644247962|1644247962|1644247962|
*0|/usr/bin/rbash|1603|41471|0|0|4|1646943501|1644247962|1644247962|1644247962|
*0|/usr/bin/hostid|1694|33261|0|0|39256|1646796625|1644247962|1644247962|1644247962|
*0|/usr/bin/nc|1967|41471|0|0|20|1646943501|1644247962|1644247962|1644247962|
*0|/usr/bin/uname|1617|33261|0|0|39288|1646871917|1644247962|1644247962|1644247962|
*0|/usr/bin/colcrt|2057|33261|0|0|14488|1646796625|1644247962|1644247962|1644247962|
*0|/usr/bin/nc.openbsd|1985|33261|0|0|43664|1646796625|1644247962|1644247962|1644247962|
*0|/usr/bin/miniterm|2380|33261|0|0|35098|1646796625|1644247962|1644247962|1644247962|
*0|/usr/bin/find|1646|33261|0|0|320160|1646911501|1644247962|1644247962|1644247962|
*0|/usr/bin/nice|1702|33261|0|0|43352|1646911501|1644247962|1644247962|1644247962|
*0|/usr/bin/fgconsole|1923|33261|0|0|14408|1646796625|1644247962|1644247962|1644247962|
*0|/usr/bin/python3|1675|41471|0|0|9|1646911501|1644247962|1644247962|1644247962|
*0|/usr/bin/rsh|2317|41471|0|0|21|1646943501|1644247962|1644247962|1644247962|
*0|/usr/bin/systemd-detect-virt|2021|33261|0|0|18656|1646871917|1644247978|1644247978|1644247978|
*0|/usr/bin/ntfsrecover|2046|33261|0|0|121096|1646796625|1644247962|1644247962|1644247962|
*0|/usr/bin/lsinitramfs|2289|33261|0|0|706|1646796625|1644247962|1644247962|1644247962|
*0|/usr/bin/pod2html|2128|33261|0|0|4134|1646796625|1644247962|1644247962|1644247962|
*0|/usr/bin/sg_safte|2441|33261|0|0|23080|1646796626|1644247962|1644247962|1644247962|
*0|/usr/bin/pinentry-curses|2305|33261|0|0|68240|1646796625|1644247962|1644247962|1644247962|
*0|/usr/bin/fwupdtool|2315|33261|0|0|347056|1646796625|1644247962|1644247962|1644247962|
*0|/usr/bin/codepage|1929|33261|0|0|14328|1646796625|1644247962|1644247962|1644247962|
*0|/usr/bin/ypdomainname|1670|41471|0|0|8|1646943501|1644247962|1644247962|1644247962|
*0|/usr/bin/print|1983|41471|0|0|11|1646943501|1644247962|1644247962|1644247962|
*0|/usr/bin/byobu-export|2248|33261|0|0|1351|1646796625|1644247962|1644247962|1644247962|
*0|/usr/bin/dbus-cleanup-sockets|1752|33261|0|0|14480|1646796625|1644247962|1644247962|1644247962|
*0|/usr/bin/dig|2165|33261|0|0|138032|1646796625|1644247962|1644247962|1644247962|
*0|/usr/bin/tkconch3|2354|33261|0|0|386|1646796626|1644247962|1644247962|1644247962|
*0|/usr/bin/twist3|2356|33261|0|0|382|1646796626|1644247962|1644247962|1644247962|
*0|/usr/bin/rview|1992|41471|0|0|23|1646943501|1644247962|1644247962|1644247962|
*0|/usr/bin/killall|2211|33261|0|0|32024|1646778140|1644247962|1644247962|1644247962|
*0|/usr/bin/pstree.x11|2216|41471|0|0|6|1646943501|1644247962|1644247962|1644247962|
*0|/usr/bin/htop|2342|33261|0|0|189304|1646796625|1644247962|1644247962|1644247962|
*0|/usr/bin/atq|2226|41471|0|0|2|1646943501|1644247962|1644247962|1644247962|
*0|/usr/bin/loadunimap|1933|33261|0|0|34952|1646796625|1644247962|1644247962|1644247962|
*0|/usr/bin/cp|1572|33261|0|0|153976|1646911501|1644247962|1644247962|1644247962|
*0|/usr/bin/gpg-wks-server|2308|33261|0|0|208072|1646796625|1644247962|1644247962|1644247962|
*0|/usr/bin/landscape-sysinfo|2358|33261|0|0|624|1646871917|1644247962|1644247962|1644247962|
*0|/usr/bin/do-release-upgrade|2147|33261|0|0|9314|1646871917|1644247962|1644247962|1644247962|
*0|/usr/bin/head|1693|33261|0|0|47480|1646883114|1644247962|1644247962|1644247962|
*0|/usr/bin/run-one-until-success|2383|41471|0|0|7|1646943501|1644247962|1644247962|1644247962|
*0|/usr/bin/wdctl|64036|33261|0|0|35048|1646796626|1646048180|1646048180|1646048180|
*0|/usr/bin/sg_luns|2417|33261|0|0|23176|1646796626|1644247962|1644247962|1644247962|
*0|/usr/bin/gresource|2347|33261|0|0|22840|1646796625|1644247962|1644247962|1644247962|
*0|/usr/bin/ssh-keygen|2202|33261|0|0|477488|1646796626|1644247962|1644247962|1644247962|
*0|/usr/bin/ntfsfallocate|2041|33261|0|0|39184|1646796625|1644247962|1644247962|1644247962|
*0|/usr/bin/pkill|1878|41471|0|0|5|1646943501|1644247962|1644247962|1644247962|
*0|/usr/bin/sg_ident|2414|33261|0|0|14792|1646796626|1644247962|1644247962|1644247962|
*0|/usr/bin/apt-get|1807|33261|0|0|47576|1646889800|1644247962|1644247962|1644247962|
*0|/usr/bin/dpkg-query|1640|33261|0|0|166488|1646930120|1644247962|1644247962|1644247962|
*0|/usr/bin/systemd-resolve|2030|41471|0|0|10|1646943501|1644247962|1644247962|1644247962|
*0|/usr/bin/bsd-write|2054|34285|0|5|14488|1646796625|1644247962|1644247962|1644247962|
*0|/usr/bin/sbsign|2391|33261|0|0|59792|1646796625|1644247962|1644247962|1644247962|
*0|/usr/bin/apt-ftparchive|1750|33261|0|0|281056|1646796625|1644247962|1644247962|1644247962|
*0|/usr/bin/btrfs|2231|33261|0|0|819296|1646796625|1644247962|1644247962|1644247962|
*0|/usr/bin/lsb_release|1978|33261|0|0|3638|1646935675|1644247962|1644247962|1644247962|
*0|/usr/bin/dpkg-divert|1638|33261|0|0|154208|1646796625|1644247962|1644247962|1644247962|
*0|/usr/bin/grub-render-label|2338|33261|0|0|819968|1646796625|1644247962|1644247962|1644247962|
*0|/usr/bin/peekfd|2212|33261|0|0|14488|1646796625|1644247962|1644247962|1644247962|
*0|/usr/bin/cftp3|2349|33261|0|0|380|1646796625|1644247962|1644247962|1644247962|
*0|/usr/bin/dirname|1680|33261|0|0|39256|1646911501|1644247962|1644247962|1644247962|
*0|/usr/bin/unxz|1969|41471|0|0|2|1646943501|1644247962|1644247962|1644247962|
*0|/usr/bin/egrep|1648|33261|0|0|28|1646871917|1644247962|1644247962|1644247962|
*0|/usr/bin/apport-collect|2222|41471|0|0|10|1646943501|1644247962|1644247962|1644247962|
*0|/usr/bin/rdma|1913|33261|0|0|133360|1646796625|1644247962|1644247962|1644247962|
*0|/usr/bin/sg_requests|2436|33261|0|0|14920|1646796626|1644247962|1644247962|1644247962|
*0|/usr/bin/fwupdtpmevlog|2316|33261|0|0|22912|1646796625|1644247962|1644247962|1644247962|
*0|/usr/bin/sg_get_lba_status|2413|33261|0|0|19176|1646796626|1644247962|1644247962|1644247962|
*0|/usr/bin/gzexe|1653|33261|0|0|6376|1646796625|1644247962|1644247962|1644247962|
*0|/usr/bin/py3clean|1672|33261|0|0|7813|1646796625|1644247962|1644247962|1644247962|
*0|/usr/bin/scsi_logging_level|2397|33261|0|0|8585|1646796625|1644247962|1644247962|1644247962|
*0|/usr/bin/purge-old-kernels|2271|33261|0|0|1149|1646796625|1644247962|1644247962|1644247962|
*0|/usr/bin/systemd-escape|1835|33261|0|0|22752|1646796626|1644247962|1644247962|1644247962|
*0|/usr/bin/sha1sum|1718|33261|0|0|51576|1646796626|1644247962|1644247962|1644247962|
*0|/usr/bin/ssh-argv0|2200|33261|0|0|1455|1646796626|1644247962|1644247962|1644247962|
*0|/usr/bin/gettext.sh|2179|33261|0|0|4629|1646796625|1644247962|1644247962|1644247962|
*0|/usr/bin/fgrep|1649|33261|0|0|28|1646796625|1644247962|1644247962|1644247962|
*0|/usr/bin/ftp|2101|41471|0|0|21|1646943501|1644247962|1644247962|1644247962|
*0|/usr/bin/ubuntu-distro-info|1677|33261|0|0|23440|1646876236|1644247962|1644247962|1644247962|
*0|/usr/bin/pl2pm|2127|33261|0|0|4533|1646796625|1644247962|1644247962|1644247962|
*0|/usr/bin/localectl|2014|33261|0|0|26848|1646796625|1644247962|1644247962|1644247962|
*0|/usr/bin/col7|2282|41471|0|0|4|1646943501|1644247962|1644247962|1644247962|
*0|/usr/bin/ec2metadata|2034|33261|0|0|7295|1646796625|1644247962|1644247962|1644247962|
*0|/usr/bin/vimdiff|2106|41471|0|0|25|1646943501|1644247962|1644247962|1644247962|
*0|/usr/bin/pmap|1811|33261|0|0|35064|1646796625|1644247962|1644247962|1644247962|
*0|/usr/bin/iptables-xml|2182|41471|0|0|28|1646943501|1644247962|1644247962|1644247962|
*0|/usr/bin/dbus-uuidgen|1758|33261|0|0|14480|1646796625|1644247962|1644247962|1644247962|
*0|/usr/bin/sos-collector|2482|33261|0|0|1065|1646796626|1644247962|1644247962|1644247962|
*0|/usr/bin/dfu-tool|2311|33261|0|0|104752|1646796625|1644247962|1644247962|1644247962|
*0|/usr/bin/captoinfo|1775|41471|0|0|3|1646943501|1644247962|1644247962|1644247962|
*0|/usr/bin/mailmail3|2352|33261|0|0|388|1646796625|1644247962|1644247962|1644247962|
*0|/usr/bin/sg_decode_sense|2409|33261|0|0|23144|1646796626|1644247962|1644247962|1644247962|
*0|/usr/bin/byobu-launch|2251|33261|0|0|3329|1646796625|1644247962|1644247962|1644247962|
*0|/usr/bin/lshw|2188|33261|0|0|861384|1646796625|1644247962|1644247962|1644247962|
*0|/usr/bin/xz|1962|33261|0|0|80384|1646796625|1644247962|1644247962|1644247962|
*0|/usr/bin/smbpasswd|72381|33261|0|0|39224|1646796626|1646270050|1646270050|1646270050|
*0|/usr/bin/systemd-sysusers|1839|33261|0|0|55824|1646796626|1644247962|1644247962|1644247962|
*0|/usr/bin/efibootdump|70903|33261|0|0|22680|1646796625|1644247974|1644247974|1644247974|
*0|/usr/bin/sg|1827|41471|0|0|6|1646943501|1644247962|1644247962|1644247962|
*0|/usr/bin/lzfgrep|2007|41471|0|0|25|1646943501|1644247962|1644247962|1644247962|
*0|/usr/bin/whiptail|1989|33261|0|0|34984|1646796626|1644247962|1644247962|1644247962|
*0|/usr/bin/od|1707|33261|0|0|72056|1646796625|1644247962|1644247962|1644247962|
*0|/usr/bin/ctail|2269|33261|0|0|960|1646796625|1644247962|1644247962|1644247962|
*0|/usr/bin/bc|2228|33261|0|0|101064|1646871917|1644247962|1644247962|1644247962|
*0|/usr/bin/loginctl|1763|33261|0|0|59736|1646796625|1644247962|1644247962|1644247962|
*0|/usr/bin/lessfile|1892|41471|0|0|8|1646943501|1644247962|1644247962|1644247962|
*0|/usr/bin/mtr-packet|2192|33261|0|0|39296|1646796625|1644247962|1644247962|1644247962|
*0|/usr/bin/pbis|19329|41471|0|0|17|1646943501|1646270622|1646270622|1646270622|
*0|/usr/bin/setterm|72110|33261|0|0|47336|1646796625|1646048180|1646048180|1646048180|
*0|/usr/bin/pathchk|1709|33261|0|0|39256|1646796625|1644247962|1644247962|1644247962|
*0|/usr/bin/grub-file|2324|33261|0|0|799104|1646796625|1644247962|1644247962|1644247962|
*0|/usr/bin/ntfsdecrypt|2051|33261|0|0|51480|1646796625|1644247962|1644247962|1644247962|
*0|/usr/bin/linux-update-symlinks|2292|33261|0|0|6320|1646796625|1644247962|1644247962|1644247962|
*0|/usr/bin/sg_read_attr|2428|33261|0|0|37352|1646796626|1644247962|1644247962|1644247962|
*0|/usr/bin/scsi_stop|2403|33261|0|0|1474|1646796625|1644247962|1644247962|1644247962|
*0|/usr/bin/bzexe|1895|33261|0|0|4877|1646796625|1644247962|1644247962|1644247962|
*0|/usr/bin/instmodsh|2120|33261|0|0|4370|1646796625|1644247962|1644247962|1644247962|
*0|/usr/bin/kernel-install|2013|33261|0|0|5191|1646796625|1644247962|1644247962|1644247962|
*0|/usr/bin/perldoc|2124|33261|0|0|125|1646796625|1644247962|1644247962|1644247962|
*0|/usr/bin/bzdiff|1894|33261|0|0|2227|1646796625|1644247962|1644247962|1644247962|
*0|/usr/bin/sha256sum|1720|33261|0|0|59768|1646796626|1644247962|1644247962|1644247962|
*0|/usr/bin/col8|2283|41471|0|0|4|1646943501|1644247962|1644247962|1644247962|
*0|/usr/bin/sg_sanitize|2442|33261|0|0|27496|1646796626|1644247962|1644247962|1644247962|
*0|/usr/bin/grub-kbdcomp|2327|33261|0|0|1681|1646796625|1644247962|1644247962|1644247962|
*0|/usr/bin/reset|1777|41471|0|0|4|1646918554|1644247962|1644247962|1644247962|
*0|/usr/bin/x86_64|72341|41471|0|0|7|1646943501|1646048180|1646048180|1646048180|
*0|/usr/bin/NF|2274|41471|0|0|4|1646943501|1644247962|1644247962|1644247962|
*0|/usr/bin/realpath|1715|33261|0|0|51576|1646796625|1644247962|1644247962|1644247962|
*0|/usr/bin/byobu-layout|2255|33261|0|0|3348|1646796625|1644247962|1644247962|1644247962|
*0|/usr/bin/piconv|2126|33261|0|0|8357|1646796625|1644247962|1644247962|1644247962|
*0|/usr/bin/byobu-disable-prompt|2245|33261|0|0|1341|1646796625|1644247962|1644247962|1644247962|
*0|/usr/bin/dbxtool|2310|33261|0|0|26928|1646796625|1644247962|1644247962|1644247962|
*0|/usr/bin/env|1682|33261|0|0|43352|1646935675|1644247962|1644247962|1644247962|
*0|/usr/bin/setpriv|72108|33261|0|0|47344|1646796625|1646048180|1646048180|1646048180|
*0|/usr/bin/jsonpatch-jsondiff|2378|33261|0|0|1004|1646796625|1644247962|1644247962|1644247962|
*0|/usr/bin/deallocvt|1930|33261|0|0|14408|1646796625|1644247962|1644247962|1644247962|
*0|/usr/bin/zdump|29183|33261|0|0|26840|1646796626|1646306850|1646306850|1646306850|
*0|/usr/bin/ptar|2135|33261|0|0|3549|1646796625|1644247962|1644247962|1644247962|
*0|/usr/bin/systemd-machine-id-setup|1837|33261|0|0|26952|1646796626|1644247962|1644247962|1644247962|
*0|/usr/bin/watch|1824|33261|0|0|27208|1646796626|1644247962|1644247962|1644247962|
*0|/usr/bin/apt-add-repository|2480|41471|0|0|18|1646943501|1644247962|1644247962|1644247962|
*0|/usr/bin/sg_senddiag|2449|33261|0|0|27688|1646796626|1644247962|1644247962|1644247962|
*0|/usr/bin/shasum|2138|33261|0|0|9976|1646796626|1644247962|1644247962|1644247962|
*0|/usr/bin/sg_sat_read_gplog|2445|33261|0|0|19016|1646796626|1644247962|1644247962|1644247962|
*0|/usr/bin/vdir|1618|33261|0|0|142144|1646796626|1644247962|1644247962|1644247962|
*0|/usr/bin/byobu-select-session|2261|33261|0|0|1012|1646796625|1644247962|1644247962|1644247962|
*0|/usr/bin/ckbcomp|1904|33261|0|0|149904|1646796625|1644247962|1644247962|1644247962|
*0|/usr/bin/file|1908|33261|0|0|27104|1646911501|1644247962|1644247962|1644247962|
*0|/usr/bin/chgrp|1569|33261|0|0|72024|1646796625|1644247962|1644247962|1644247962|
*0|/usr/bin/nproc|1705|33261|0|0|43352|1646796625|1644247962|1644247962|1644247962|
*0|/usr/bin/sg_unmap|2459|33261|0|0|23144|1646796626|1644247962|1644247962|1644247962|
*0|/usr/bin/aa-enabled|2151|33261|0|0|31248|1646796625|1644247962|1644247962|1644247962|
*0|/usr/bin/gio-querymodules|2359|41471|0|0|49|1646943501|1644247962|1644247962|1644247962|
*0|/usr/bin/tee|1732|33261|0|0|43384|1646780401|1644247962|1644247962|1644247962|
*0|/usr/bin/sg_modes|2420|33261|0|0|46712|1646796626|1644247962|1644247962|1644247962|
*0|/usr/bin/dbwrap_tool|72376|33261|0|0|27160|1646796625|1646270050|1646270050|1646270050|
*0|/usr/bin/systemd-delta|2020|33261|0|0|26848|1646796626|1644247962|1644247962|1644247962|
*0|/usr/bin/gpgconf|2157|33261|0|0|178848|1646889801|1644247962|1644247962|1644247962|
*0|/usr/bin/glib-compile-schemas|2360|41471|0|0|53|1646943501|1644247962|1644247962|1644247962|
*0|/usr/bin/hostname|1665|33261|0|0|26856|1646778140|1644247962|1644247962|1644247962|
*0|/usr/bin/byobu-enable-prompt|2247|33261|0|0|1453|1646796625|1644247962|1644247962|1644247962|
*0|/usr/bin/sg_compare_and_write|2406|33261|0|0|23304|1646796625|1644247962|1644247962|1644247962|
*0|/usr/bin/setfont|1927|33261|0|0|47240|1646796625|1644247962|1644247962|1644247962|
*0|/usr/bin/run-one-until-failure|2385|41471|0|0|7|1646943501|1644247962|1644247962|1644247962|
*0|/usr/bin/byobu-select-backend|2259|33261|0|0|1452|1646796625|1644247962|1644247962|1644247962|
*0|/usr/bin/dir|1576|33261|0|0|142144|1646939310|1644247962|1644247962|1644247962|
*0|/usr/bin/catman|2083|33261|0|0|39616|1646796625|1644247962|1644247962|1644247962|
*0|/usr/bin/linux-version|2293|33261|0|0|2698|1646796625|1644247962|1644247962|1644247962|
*0|/usr/bin/gunzip|1652|33261|0|0|2346|1646796625|1644247962|1644247962|1644247962|
*0|/usr/bin/btrfs-select-super|2236|33261|0|0|441888|1646796625|1644247962|1644247962|1644247962|
*0|/usr/bin/systemd-mount|2023|33261|0|0|51664|1646796626|1644247962|1644247962|1644247962|
*0|/usr/bin/join|1697|33261|0|0|55672|1646796625|1644247962|1644247962|1644247962|
*0|/usr/bin/snice|1879|41471|0|0|5|1646943501|1644247962|1644247962|1644247962|
*0|/usr/bin/systemd-notify|1838|33261|0|0|18664|1646796626|1644247962|1644247962|1644247962|
*0|/usr/bin/lorder|2062|33261|0|0|2885|1646796625|1644247962|1644247962|1644247962|
*0|/usr/bin/uuidgen|1851|33261|0|0|14568|1646796626|1646048199|1646048199|1646048199|
*0|/usr/bin/chardetect3|2142|33261|0|0|389|1646796625|1644247962|1644247962|1644247962|
*0|/usr/bin/ldappasswd|69570|33261|0|0|67904|1646796625|1646270038|1646270038|1646270038|
*0|/usr/bin/tty|1738|33261|0|0|39256|1646778140|1644247962|1644247962|1644247962|
*0|/usr/bin/byobu-select-profile|2260|33261|0|0|5123|1646796625|1644247962|1644247962|1644247962|
*0|/usr/bin/ed|2173|33261|0|0|55504|1646796625|1644247962|1644247962|1644247962|
*0|/usr/bin/sg_sat_set_features|2446|33261|0|0|18984|1646796626|1644247962|1644247962|1644247962|
*0|/usr/bin/link|1698|33261|0|0|39256|1646796625|1644247962|1644247962|1644247962|
*0|/usr/bin/rmdir|1611|33261|0|0|47448|1646796625|1644247962|1644247962|1644247962|
*0|/usr/bin/pdb3|1986|41471|0|0|6|1646943501|1644247962|1644247962|1644247962|
*0|/usr/bin/sg_sync|2455|33261|0|0|14856|1646796626|1644247962|1644247962|1644247962|
*0|/usr/bin/sg_dd|2408|33261|0|0|51376|1646796625|1644247962|1644247962|1644247962|
*0|/usr/bin/unmkinitramfs|2290|33261|0|0|3676|1646796626|1644247962|1644247962|1644247962|
*0|/usr/bin/fincore|72084|33261|0|0|35096|1646796625|1646048180|1646048180|1646048180|
*0|/usr/bin/gtbl|2082|41471|0|0|3|1646943501|1644247962|1644247962|1644247962|
*0|/usr/bin/pkmon|2369|33261|0|0|22840|1646796625|1644247962|1644247962|1644247962|
*0|/usr/bin/batch|2225|33261|0|0|152|1646796625|1644247962|1644247962|1644247962|
*0|/usr/bin/ginstall-info|2033|41471|0|0|12|1646943501|1644247962|1644247962|1644247962|
*0|/usr/bin/timedatectl|2028|33261|0|0|47328|1646796626|1644247962|1644247962|1644247962|
*0|/usr/bin/ubuntu-advantage|1778|33261|0|0|442|1646796626|1644247962|1644247962|1644247962|
*0|/usr/bin/nstat|1912|33261|0|0|80112|1646796625|1644247962|1644247962|1644247962|
*0|/usr/bin/perl5.30-x86_64-linux-gnu|2113|33261|0|0|14648|1646796625|1644247962|1644247962|1644247962|
*0|/usr/bin/xzless|1965|33261|0|0|1802|1646796625|1644247962|1644247962|1644247962|
*0|/usr/bin/sg_logs|2416|33261|0|0|154488|1646796626|1644247962|1644247962|1644247962|
*0|/usr/bin/mkfifo|1701|33261|0|0|67928|1646796625|1644247962|1644247962|1644247962|
*0|/usr/bin/twistd3|2357|33261|0|0|384|1646796626|1644247962|1644247962|1644247962|
*0|/usr/bin/apropos|2090|41471|0|0|6|1646943501|1644247962|1644247962|1644247962|
*0|/usr/bin/gpg|2304|33261|0|0|1066992|1646796625|1644247962|1644247962|1644247962|
*0|/usr/bin/enc2xs|2116|33261|0|0|42111|1646796625|1644247962|1644247962|1644247962|
*0|/usr/bin/w|1767|41471|0|0|19|1646943501|1644247962|1644247962|1644247962|
*0|/usr/bin/more|19363|33261|0|0|43160|1646796625|1646048180|1646048180|1646048180|
*0|/usr/bin/sg_zone|2469|33261|0|0|15000|1646796626|1644247962|1644247962|1644247962|
*0|/usr/bin/lesspipe|1891|33261|0|0|8564|1646941270|1644247962|1644247962|1644247962|
*0|/usr/bin/run-one-constantly|2384|41471|0|0|7|1646943501|1644247962|1644247962|1644247962|
*0|/usr/bin/scsi_readcap|2399|33261|0|0|1327|1646796625|1644247962|1644247962|1644247962|
*0|/usr/bin/xsubpp|2140|33261|0|0|5164|1646796626|1644247962|1644247962|1644247962|
*0|/usr/bin/grub-mknetdir|2332|33261|0|0|411200|1646796625|1644247962|1644247962|1644247962|
*0|/usr/bin/systemd-run|2025|33261|0|0|59824|1646796626|1644247962|1644247962|1644247962|
*0|/usr/bin/pgrep|1810|33261|0|0|30968|1646796625|1644247962|1644247962|1644247962|
*0|/usr/bin/pygettext3|1988|41471|0|0|12|1646943501|1644247962|1644247962|1644247962|
*0|/usr/bin/pkcheck|20594|33261|0|0|22912|1646796625|1646221704|1646221704|1646221704|
*0|/usr/bin/ua|1781|41471|0|0|16|1646943501|1644247962|1644247962|1644247962|
*0|/usr/bin/ubuntu-security-status|2150|33261|0|0|23756|1646796626|1644247962|1644247962|1644247962|
*0|/usr/bin/json_pp|2121|33261|0|0|4667|1646796625|1644247962|1644247962|1644247962|
*0|/usr/bin/systemd-id128|2022|33261|0|0|22752|1646796626|1644247962|1644247962|1644247962|
*0|/usr/bin/pod2man|2129|33261|0|0|15034|1646796625|1644247962|1644247962|1644247962|
*0|/usr/bin/expr|1688|33261|0|0|55640|1646871917|1644247962|1644247962|1644247962|
*0|/usr/bin/xzgrep|1964|33261|0|0|5628|1646796625|1644247962|1644247962|1644247962|
*0|/usr/bin/boltctl|2230|33261|0|0|146096|1646796625|1644247962|1644247962|1644247962|
*0|/usr/bin/write|2093|41471|0|0|23|1646943501|1644247962|1644247962|1644247962|
*0|/usr/bin/migrate-pubring-from-classic-gpg|2301|33261|0|0|3060|1646796625|1644247962|1644247962|1644247962|
*0|/usr/bin/growpart|2153|33261|0|0|24522|1646796625|1644247962|1644247962|1644247962|
*0|/usr/bin/byobu-screen|2275|41471|0|0|5|1646943501|1644247962|1644247962|1644247962|
*0|/usr/bin/bzgrep|1896|33261|0|0|3775|1646796625|1644247962|1644247962|1644247962|
*0|/usr/bin/gpgv|1813|33261|0|0|457880|1646889801|1644247962|1644247962|1644247962|
*0|/usr/bin/grub-syslinux2cfg|2340|33261|0|0|759056|1646796625|1644247962|1644247962|1644247962|
*0|/usr/bin/btrfs-map-logical|2235|33261|0|0|441888|1646796625|1644247962|1644247962|1644247962|
*0|/usr/bin/skill|1814|33261|0|0|30952|1646796626|1644247962|1644247962|1644247962|
*0|/usr/bin/systemd-cat|2017|33261|0|0|18664|1646796626|1644247962|1644247962|1644247962|
*0|/usr/bin/byobu-tmux|2276|41471|0|0|5|1646943501|1644247962|1644247962|1644247962|
*0|/usr/bin/xzegrep|1976|41471|0|0|6|1646943501|1644247962|1644247962|1644247962|
*0|/usr/bin/cpan5.30-x86_64-linux-gnu|2112|33261|0|0|8176|1646796625|1644247962|1644247962|1644247962|
*0|/usr/bin/sudo|1955|35309|0|0|166056|1646872869|1644247962|1644247962|1644247962|
*0|/usr/bin/ex|1995|41471|0|0|20|1646943501|1644247962|1644247962|1644247962|
*0|/usr/bin/systemd-tty-ask-password-agent|1841|33261|0|0|30944|1646796626|1644247962|1644247962|1644247962|
*0|/usr/bin/byobu-reconnect-sockets|2258|33261|0|0|3298|1646796625|1644247962|1644247962|1644247962|
*0|/usr/bin/resolvectl|2015|33261|0|0|129408|1646796625|1644247962|1644247962|1644247962|
*0|/usr/bin/pbputs|2373|41471|0|0|5|1646943501|1644247962|1644247962|1644247962|
*0|/usr/bin/setsid|72109|33261|0|0|14568|1646796625|1646048180|1646048180|1646048180|
*0|/usr/bin/gsettings|2348|33261|0|0|31112|1646796625|1644247962|1644247962|1644247962|
*0|/usr/bin/byobu-prompt|2256|33261|0|0|1156|1646796625|1644247962|1644247962|1644247962|
*0|/usr/bin/pftp|2102|41471|0|0|22|1646943501|1644247962|1644247962|1644247962|
*0|/usr/bin/encguess|2117|33261|0|0|3066|1646796625|1644247962|1644247962|1644247962|
*0|/usr/bin/stty|1613|33261|0|0|84344|1646883635|1644247962|1644247962|1644247962|
*0|/usr/bin/free|1804|33261|0|0|26864|1646796625|1644247962|1644247962|1644247962|
*0|/usr/bin/ssh-import-id-lp|2504|33261|0|0|785|1646796626|1644247962|1644247962|1644247962|
*0|/usr/bin/colrm|2058|33261|0|0|14488|1646796625|1644247962|1644247962|1644247962|
*0|/usr/bin/install|1696|33261|0|0|158112|1646888420|1644247962|1644247962|1644247962|
*0|/usr/bin/pkaction|20076|33261|0|0|18744|1646796625|1646221704|1646221704|1646221704|
*0|/usr/bin/ntfscat|2038|33261|0|0|35080|1646796625|1644247962|1644247962|1644247962|
*0|/usr/bin/sum|1729|33261|0|0|47456|1646796626|1644247962|1644247962|1644247962|
*0|/usr/bin/networkctl|1764|33261|0|0|76008|1646796625|1644247962|1644247962|1644247962|
*0|/usr/bin/stdbuf|1728|33261|0|0|51544|1646796626|1644247962|1644247962|1644247962|
*0|/usr/bin/col2|2277|41471|0|0|4|1646943501|1644247962|1644247962|1644247962|
*0|/usr/bin/unattended-upgrades|2486|41471|0|0|18|1646943501|1644247962|1644247962|1644247962|
*0|/usr/bin/lzma|1998|41471|0|0|22|1646883114|1644247962|1644247962|1644247962|
*0|/usr/bin/grub-mkrelpath|2334|33261|0|0|245328|1646796625|1644247962|1644247962|1644247962|
*0|/usr/bin/sg_verify|2460|33261|0|0|19176|1646796626|1644247962|1644247962|1644247962|
*0|/usr/bin/diff3|1634|33261|0|0|67800|1646796625|1644247962|1644247962|1644247962|
*0|/usr/bin/grub-mkpasswd-pbkdf2|2333|33261|0|0|254160|1646796625|1644247962|1644247962|1644247962|
*0|/usr/bin/ldapsearch|69571|33261|0|0|92512|1646796625|1646270038|1646270038|1646270038|
*0|/usr/bin/savelog|1597|33261|0|0|10481|1646911501|1644247962|1644247962|1644247962|
*0|/usr/bin/bzcmp|1899|41471|0|0|6|1646943501|1644247962|1644247962|1644247962|
*0|/usr/bin/apport-cli|2219|33261|0|0|13367|1646796625|1644247962|1644247962|1644247962|
*0|/usr/bin/byobu-janitor|2249|33261|0|0|6440|1646778140|1644247962|1644247962|1644247962|
*0|/usr/bin/xzmore|1966|33261|0|0|2161|1646796625|1644247962|1644247962|1644247962|
*0|/usr/bin/uuidparse|1866|33261|0|0|39144|1646796626|1646048199|1646048199|1646048199|
*0|/usr/bin/telnet|2103|41471|0|0|24|1646943501|1644247962|1644247962|1644247962|
*0|/usr/bin/openssl|1783|33261|0|0|753336|1646796625|1644247962|1644247962|1644247962|
*0|/usr/bin/byobu-quiet|2257|33261|0|0|1410|1646796625|1644247962|1644247962|1644247962|
*0|/usr/bin/dmesg|16288|33261|0|0|84440|1646796625|1646048180|1646048180|1646048180|
*0|/usr/bin/bzless|1902|41471|0|0|6|1646943501|1644247962|1644247962|1644247962|
*0|/usr/bin/dnsdomainname|1666|41471|0|0|8|1646943501|1644247962|1644247962|1644247962|
*0|/usr/bin/col9|2284|41471|0|0|4|1646943501|1644247962|1644247962|1644247962|
*0|/usr/bin/vmhgfs-fuse|2491|33261|0|0|51856|1646796626|1644247962|1644247962|1644247962|
*0|/usr/bin/partx|72102|33261|0|0|121072|1646796625|1646048180|1646048180|1646048180|
*0|/usr/bin/sg_map26|2419|33261|0|0|27192|1646796626|1644247962|1644247962|1644247962|
*0|/usr/bin/perl5.30.0|1759|33261|0|0|3478464|1646883635|1644247962|1644247962|1644247962|
*0|/usr/bin/dirmngr|2185|33261|0|0|583536|1646796625|1644247962|1644247962|1644247962|
*0|/usr/bin/update-alternatives|1644|33261|0|0|55712|1646883637|1644247962|1644247962|1644247962|
*0|/usr/bin/lsusb|2158|33261|0|0|248328|1646796625|1644247962|1644247962|1644247962|
*0|/usr/bin/ctstat|1916|41471|0|0|6|1646943501|1644247962|1644247962|1644247962|
*0|/usr/bin/tmux|2240|33261|0|0|692192|1646778140|1644247962|1644247962|1644247962|
*0|/usr/bin/grub-editenv|2323|33261|0|0|253968|1646796625|1644247962|1644247962|1644247962|
*0|/usr/bin/host|2163|33261|0|0|105232|1646796625|1644247962|1644247962|1644247962|
*0|/usr/bin/netcat|1968|41471|0|0|24|1646943501|1644247962|1644247962|1644247962|
*0|/usr/bin/bsd-from|2053|33261|0|0|14488|1646796625|1644247962|1644247962|1644247962|
*0|/usr/bin/sg_reset_wp|2438|33261|0|0|14792|1646796626|1644247962|1644247962|1644247962|
*0|/usr/bin/tabs|1770|33261|0|0|18744|1646796626|1644247962|1644247962|1644247962|
*0|/usr/bin/sh|1585|41471|0|0|4|1646889421|1644247962|1644247962|1644247962|
*0|/usr/bin/iconv|22954|33261|0|0|68000|1646796625|1646306850|1646306850|1646306850|
*0|/usr/bin/lzegrep|2006|41471|0|0|25|1646943501|1644247962|1644247962|1644247962|
*0|/usr/bin/chsh|1885|35309|0|0|53040|1646796625|1644247962|1644247962|1644247962|
*0|/usr/bin/sg_readcap|2432|33261|0|0|23176|1646796626|1644247962|1644247962|1644247962|
*0|/usr/bin/apt-sortpkgs|1751|33261|0|0|47504|1646796625|1644247962|1644247962|1644247962|
*0|/usr/bin/col|2056|33261|0|0|18584|1646796625|1644247962|1644247962|1644247962|
*0|/usr/bin/fwupdagent|2312|33261|0|0|76080|1646796625|1644247962|1644247962|1644247962|
*0|/usr/bin/sos|2481|33261|0|0|596|1646796626|1644247962|1644247962|1644247962|
*0|/usr/bin/false|1578|33261|0|0|39256|1646884276|1644247962|1644247962|1644247962|
*0|/usr/bin/unsquashfs|2474|33261|0|0|114808|1646796626|1644247962|1644247962|1644247962|
*0|/usr/bin/ldapadd|69743|41471|0|0|10|1646943501|1646270038|1646270038|1646270038|
*0|/usr/bin/pico|1997|41471|0|0|22|1646943501|1644247962|1644247962|1644247962|
*0|/usr/bin/uniq|1740|33261|0|0|51576|1646796626|1644247962|1644247962|1644247962|
*0|/usr/bin/eqn|2068|33261|0|0|206336|1646796625|1644247962|1644247962|1644247962|
*0|/usr/bin/efibootmgr|70904|33261|0|0|44312|1646796625|1644247974|1644247974|1644247974|
*0|/usr/bin/sg_start|2452|33261|0|0|19144|1646796626|1644247962|1644247962|1644247962|
*0|/usr/bin/sensible-browser|1786|33261|0|0|1230|1646796625|1644247962|1644247962|1644247962|
*0|/usr/bin/znew|1664|33261|0|0|4553|1646796626|1644247962|1644247962|1644247962|
*0|/usr/bin/unlink|1741|33261|0|0|39256|1646796626|1644247962|1644247962|1644247962|
*0|/usr/bin/ssh|2197|33261|0|0|789448|1646796625|1644247962|1644247962|1644247962|
*0|/usr/bin/corelist|2114|33261|0|0|15088|1646796625|1644247962|1644247962|1644247962|
*0|/usr/bin/domainjoin-cli|18473|41471|0|0|28|1646943501|1646270622|1646270622|1646270622|
*0|/usr/bin/gawk|2110|33261|0|0|711136|1646883115|1644247962|1644247962|1644247962|
*0|/usr/bin/xxd|1958|33261|0|0|18712|1646796626|1644247962|1644247962|1644247962|
*0|/usr/bin/rename.ul|72104|33261|0|0|22760|1646796625|1646048180|1646048180|1646048180|
*0|/usr/bin/readlink|1609|33261|0|0|51544|1646825689|1644247962|1644247962|1644247962|
*0|/usr/bin/routef|1914|33261|0|0|208|1646796625|1644247962|1644247962|1644247962|
*0|/usr/bin/mount|4904|35309|0|0|55528|1646871917|1646048262|1646048262|1646048262|
*0|/usr/bin/column|2059|33261|0|0|14504|1646796625|1644247962|1644247962|1644247962|
*0|/usr/bin/systemd-hwdb|1792|33261|0|0|109072|1646796626|1644247962|1644247962|1644247962|
*0|/usr/bin/dd|1574|33261|0|0|80256|1646796625|1644247962|1644247962|1644247962|
*0|/usr/bin/unicode_start|1928|33261|0|0|2762|1646796626|1644247962|1644247962|1644247962|
*0|/usr/bin/usb-devices|2159|33261|0|0|4100|1646796626|1644247962|1644247962|1644247962|
*0|/usr/bin/see|1984|41471|0|0|11|1646943501|1644247962|1644247962|1644247962|
*0|/usr/bin/sg_read_long|2431|33261|0|0|14888|1646796626|1644247962|1644247962|1644247962|
*0|/usr/bin/dpkg-statoverride|1642|33261|0|0|63760|1646883637|1644247962|1644247962|1644247962|
*0|/usr/bin/sensible-pager|1788|33261|0|0|452|1646796625|1644247962|1644247962|1644247962|
*0|/usr/bin/iscsiadm|2111|41471|0|0|14|1646943501|1644247962|1644247962|1644247962|
*0|/usr/bin/chmod|1570|33261|0|0|63864|1646856415|1644247962|1644247962|1644247962|
*0|/usr/bin/aa-exec|2152|33261|0|0|35344|1646796625|1644247962|1644247962|1644247962|
*0|/usr/bin/systemd-inhibit|1836|33261|0|0|22776|1646796626|1644247962|1644247962|1644247962|
*0|/usr/bin/basename|1624|33261|0|0|39256|1646911501|1644247962|1644247962|1644247962|
*0|/usr/bin/[|1619|33261|0|0|59736|1646796625|1644247962|1644247962|1644247962|
*0|/usr/bin/vmware-rpctool|2496|33261|0|0|18584|1646796626|1644247962|1644247962|1644247962|
*0|/usr/bin/traceroute6|2109|41471|0|0|29|1646943501|1644247962|1644247962|1644247962|
*0|/usr/bin/cloud-id|2487|33261|0|0|390|1646930120|1644247962|1644247962|1644247962|
*0|/usr/bin/grub-fstest|2325|33261|0|0|923488|1646796625|1644247962|1644247962|1644247962|
*0|/usr/bin/debian-distro-info|1676|33261|0|0|23440|1646796625|1644247962|1644247962|1644247962|
*0|/usr/bin/mkdir|1581|33261|0|0|88408|1646778141|1644247962|1644247962|1644247962|
*0|/usr/bin/taskset|72111|33261|0|0|35048|1646796626|1646048180|1646048180|1646048180|
*0|/usr/bin/ldapdelete|69557|33261|0|0|67936|1646796625|1646270038|1646270038|1646270038|
*0|/usr/bin/busybox|2169|33261|0|0|2172376|1646796625|1644247962|1644247962|1644247962|
*0|/usr/bin/mcookie|72098|33261|0|0|35120|1646796625|1646048180|1646048180|1646048180|
*0|/usr/bin/sgm_dd|2471|33261|0|0|34976|1646796626|1644247962|1644247962|1644247962|
*0|/usr/bin/gpg-zip|2294|33261|0|0|3516|1646796625|1644247962|1644247962|1644247962|
*0|/usr/bin/grub-mkstandalone|2336|33261|0|0|489328|1646796625|1644247962|1644247962|1644247962|
*0|/usr/bin/resizepart|72105|33261|0|0|63720|1646796625|1646048180|1646048180|1646048180|
*0|/usr/bin/less|1645|33261|0|0|180064|1646771653|1644247962|1644247962|1644247962|
*0|/usr/bin/chardet3|2143|41471|0|0|11|1646943501|1644247962|1644247962|1644247962|
*0|/usr/bin/soelim|2077|33261|0|0|47624|1646796626|1644247962|1644247962|1644247962|
*0|/usr/bin/symcryptrun|2302|33261|0|0|125984|1646796626|1644247962|1644247962|1644247962|
*0|/usr/bin/tac|1730|33261|0|0|43352|1646796626|1644247962|1644247962|1644247962|
*0|/usr/bin/grops|2071|33261|0|0|186304|1646796625|1644247962|1644247962|1644247962|
*0|/usr/bin/keep-one-running|2382|41471|0|0|7|1646943501|1644247962|1644247962|1644247962|
*0|/usr/bin/sg_timestamp|2457|33261|0|0|19128|1646796626|1644247962|1644247962|1644247962|
*0|/usr/bin/install-info|2032|33261|0|0|118008|1646796625|1644247962|1644247962|1644247962|
*0|/usr/bin/namei|72100|33261|0|0|35048|1646796625|1646048180|1646048180|1646048180|
*0|/usr/bin/lastlog|1566|33261|0|0|32416|1646796625|1644247962|1644247962|1644247962|
*0|/usr/bin/sbkeysync|2389|33261|0|0|68144|1646796625|1644247962|1644247962|1644247962|
*0|/usr/bin/oddjob_request|70806|33261|0|0|38904|1646796625|1646270042|1646270042|1646270042|
*0|/usr/bin/grog|2070|33261|0|0|2776|1646796625|1644247962|1644247962|1644247962|
*0|/usr/bin/expand|1687|33261|0|0|43384|1646796625|1644247962|1644247962|1644247962|
*0|/usr/bin/dbus-daemon|1753|33261|0|0|249032|1646884261|1644247962|1644247962|1644247962|
*0|/usr/bin/sdiff|1635|33261|0|0|51296|1646796625|1644247962|1644247962|1644247962|
*0|/usr/bin/shuf|1724|33261|0|0|59736|1646796626|1644247962|1644247962|1644247962|
*0|/usr/bin/nmblookup|72378|33261|0|0|141784|1646796625|1646270050|1646270050|1646270050|
*0|/usr/bin/openvt|1926|33261|0|0|22968|1646796625|1644247962|1644247962|1644247962|
*0|/usr/bin/psfxtable|1936|33261|0|0|22520|1646796625|1644247962|1644247962|1644247962|
*0|/usr/bin/scsi_mandat|2398|33261|0|0|3602|1646796625|1644247962|1644247962|1644247962|
*0|/usr/bin/gpg-connect-agent|2156|33261|0|0|167072|1646889801|1644247962|1644247962|1644247962|
*0|/usr/bin/i386|72333|41471|0|0|7|1646943501|1646048180|1646048180|1646048180|
*0|/usr/bin/ipcmk|72088|33261|0|0|35120|1646796625|1646048180|1646048180|1646048180|
*0|/usr/bin/jsondiff|2104|41471|0|0|26|1646943501|1644247962|1644247962|1644247962|
*0|/usr/bin/sg_stream_ctl|2454|33261|0|0|23080|1646796626|1644247962|1644247962|1644247962|
*0|/usr/bin/samba-tool|72380|33261|0|0|1555|1646796625|1646270050|1646270050|1646270050|
*0|/usr/bin/ncal|2063|33261|0|0|37832|1646796625|1644247962|1644247962|1644247962|
*0|/usr/bin/lzcat|2000|41471|0|0|23|1646943501|1644247962|1644247962|1644247962|
*0|/usr/bin/linux64|72339|41471|0|0|7|1646943501|1646048180|1646048180|1646048180|
*0|/usr/bin/fmt|1690|33261|0|0|47448|1646796625|1644247962|1644247962|1644247962|
*0|/usr/bin/scsi_temperature|2404|33261|0|0|936|1646796625|1644247962|1644247962|1644247962|
*0|/usr/bin/debconf-apt-progress|1587|33261|0|0|11541|1646796625|1644247962|1644247962|1644247962|
*0|/usr/bin/helpztags|1960|33261|0|0|2514|1646796625|1644247962|1644247962|1644247962|
*0|/usr/bin/ldapexop|69567|33261|0|0|67904|1646796625|1646270038|1646270038|1646270038|
*0|/usr/bin/pygettext3.8|1818|33261|0|0|21535|1646796625|1644247962|1644247962|1644247962|
*0|/usr/bin/kbdinfo|1932|33261|0|0|14408|1646796625|1644247962|1644247962|1644247962|
*0|/usr/bin/shred|1723|33261|0|0|63864|1646796626|1644247962|1644247962|1644247962|
*0|/usr/bin/gpgtar|2298|33261|0|0|155264|1646796625|1644247962|1644247962|1644247962|
*0|/usr/bin/awk|1683|41471|0|0|21|1646883115|1644247962|1644247962|1644247962|
*0|/usr/bin/bzmore|1898|33261|0|0|1297|1646796625|1644247962|1644247962|1644247962|
*0|/usr/bin/lzmainfo|1961|33261|0|0|14568|1646796625|1644247962|1644247962|1644247962|
*0|/usr/bin/logname|1699|33261|0|0|39256|1646796625|1644247962|1644247962|1644247962|
*0|/usr/bin/sg_write_x|2467|33261|0|0|56776|1646796626|1644247962|1644247962|1644247962|
*0|/usr/bin/choom|72080|33261|0|0|51432|1646796625|1646048180|1646048180|1646048180|
*0|/usr/bin/vmware-vgauth-cmd|2498|33261|0|0|18584|1646796626|1644247962|1644247962|1644247962|
*0|/usr/bin/bzegrep|1900|41471|0|0|6|1646943501|1644247962|1644247962|1644247962|
*0|/usr/bin/ntfsfix|2042|33261|0|0|47376|1646796625|1644247962|1644247962|1644247962|
*0|/usr/bin/grub-mklayout|2331|33261|0|0|258224|1646796625|1644247962|1644247962|1644247962|
*0|/usr/bin/sg_bg_ctl|2405|33261|0|0|14696|1646796625|1644247962|1644247962|1644247962|
*0|/usr/bin/ssh-copy-id|2201|33261|0|0|10658|1646796626|1644247962|1644247962|1644247962|
*0|/usr/bin/col3|2278|41471|0|0|4|1646943501|1644247962|1644247962|1644247962|
*0|/usr/bin/eatmydata|2229|33261|0|0|2806|1646796625|1644247962|1644247962|1644247962|
*0|/usr/bin/git-upload-pack|2322|41471|0|0|3|1646943501|1644247962|1644247962|1644247962|
*0|/usr/bin/lowntfs-3g|2035|33261|0|0|121712|1646796625|1644247962|1644247962|1644247962|
*0|/usr/bin/ucf|1971|33261|0|0|40685|1646796626|1644247962|1644247962|1644247962|
*0|/usr/bin/byobu-shell|2262|33261|0|0|1600|1646778141|1644247962|1644247962|1644247962|
*0|/usr/bin/pslog|2214|33261|0|0|14488|1646796625|1644247962|1644247962|1644247962|
*0|/usr/bin/unshare|72112|33261|0|0|43448|1646796626|1646048180|1646048180|1646048180|
*0|/usr/bin/cal|2066|41471|0|0|4|1646943501|1644247962|1644247962|1644247962|
*0|/usr/bin/ssh-keyscan|2203|33261|0|0|465208|1646796626|1644247962|1644247962|1644247962|
*0|/usr/bin/sg_reset|2437|33261|0|0|14856|1646796626|1644247962|1644247962|1644247962|
*0|/usr/bin/dirmngr-client|2186|33261|0|0|121920|1646796625|1644247962|1644247962|1644247962|
*0|/usr/bin/linux-check-removal|2291|33261|0|0|4090|1646796625|1644247962|1644247962|1644247962|
*0|/usr/bin/rrsync|2096|41471|0|0|29|1646943501|1644247962|1644247962|1644247962|
*0|/usr/bin/calendar|2055|33261|0|0|35464|1646796625|1644247962|1644247962|1644247962|
*0|/usr/bin/factor|1689|33261|0|0|80248|1646796625|1644247962|1644247962|1644247962|
*0|/usr/bin/sudoreplay|1956|33261|0|0|64512|1646796626|1644247962|1644247962|1644247962|
*0|/usr/bin/oem-getlogs|2221|33261|0|0|8573|1646796625|1644247962|1644247962|1644247962|
*0|/usr/bin/grub-mkfont|2329|33261|0|0|274864|1646796625|1644247962|1644247962|1644247962|
*0|/usr/bin/lz4cat|2287|41471|0|0|3|1646943501|1644247962|1644247962|1644247962|
*0|/usr/bin/ldd|22955|33261|0|0|5427|1646796625|1646306850|1646306850|1646306850|
*0|/usr/bin/zcat|1655|33261|0|0|1984|1646796626|1644247962|1644247962|1644247962|
*0|/usr/bin/telnet.netkit|2148|33261|0|0|115376|1646796626|1644247962|1644247962|1644247962|
*0|/usr/bin/numfmt|1706|33261|0|0|67992|1646796625|1644247962|1644247962|1644247962|
*0|/usr/bin/chfn|1884|35309|0|0|85064|1646796625|1644247962|1644247962|1644247962|
*0|/usr/bin/bootctl|2010|33261|0|0|63840|1646796625|1644247962|1644247962|1644247962|
*0|/usr/bin/screendump|1938|33261|0|0|14328|1646796625|1644247962|1644247962|1644247962|
*0|/usr/bin/cat|1568|33261|0|0|43416|1646883114|1644247962|1644247962|1644247962|
*0|/usr/bin/ucfq|1972|33261|0|0|19367|1646796626|1644247962|1644247962|1644247962|
*0|/usr/bin/add-apt-repository|2479|33261|0|0|7415|1646796625|1644247962|1644247962|1644247962|
*0|/usr/bin/vmware-vmblock-fuse|2500|33261|0|0|23104|1646796626|1644247962|1644247962|1644247962|
*0|/usr/bin/python3.8|1825|33261|0|0|5490488|1646911501|1644247962|1644247962|1644247962|
*0|/usr/bin/edit|1982|41471|0|0|11|1646943501|1644247962|1644247962|1644247962|
*0|/usr/bin/zegrep|1658|33261|0|0|29|1646796626|1644247962|1644247962|1644247962|
*0|/usr/bin/infotocap|1776|41471|0|0|3|1646943501|1644247962|1644247962|1644247962|
*0|/usr/bin/pkcon|2368|33261|0|0|76088|1646796625|1644247962|1644247962|1644247962|
*0|/usr/bin/mksquashfs|2473|33261|0|0|210904|1646796625|1644247962|1644247962|1644247962|
*0|/usr/bin/check-language-support|2052|33261|0|0|2771|1646796625|1644247962|1644247962|1644247962|
*0|/usr/bin/sg_turs|2458|33261|0|0|14856|1646796626|1644247962|1644247962|1644247962|
*0|/usr/bin/script|1855|33261|0|0|55528|1646796625|1646048194|1646048194|1646048194|
*0|/usr/bin/VGAuthService|2490|33261|0|0|141696|1646796625|1644247962|1644247962|1644247962|
*0|/usr/bin/unlzma|1999|41471|0|0|24|1646943501|1644247962|1644247962|1644247962|
*0|/usr/bin/domainname|1667|41471|0|0|8|1646943501|1644247962|1644247962|1644247962|
*0|/usr/bin/sg_map|2418|33261|0|0|18584|1646796626|1644247962|1644247962|1644247962|
*0|/usr/bin/last|72091|33261|0|0|47336|1646892033|1646048180|1646048180|1646048180|
*0|/usr/bin/atrm|2227|41471|0|0|2|1646943501|1644247962|1644247962|1644247962|
*0|/usr/bin/unicode_stop|1946|33261|0|0|530|1646796626|1644247962|1644247962|1644247962|
*0|/usr/bin/ldapcompare|69522|33261|0|0|67904|1646796625|1646270038|1646270038|1646270038|
*0|/usr/bin/ntfs-3g.probe|2037|33261|0|0|14568|1646796625|1644247962|1644247962|1644247962|
*0|/usr/bin/pydoc3.8|1817|33261|0|0|79|1646796625|1644247962|1644247962|1644247962|
*0|/usr/bin/ptardiff|2136|33261|0|0|2628|1646796625|1644247962|1644247962|1644247962|
*0|/usr/bin/cmp|1632|33261|0|0|51296|1646911501|1644247962|1644247962|1644247962|
*0|/usr/bin/lastb|72335|41471|0|0|4|1646943501|1646048180|1646048180|1646048180|
*0|/usr/bin/locale|22962|33261|0|0|58944|1646872249|1646306850|1646306850|1646306850|
*0|/usr/bin/apt-extracttemplates|1679|33261|0|0|27104|1646883635|1644247962|1644247962|1644247962|
*0|/usr/bin/scsi_satl|2401|33261|0|0|3857|1646796625|1644247962|1644247962|1644247962|
*0|/usr/bin/test|1733|33261|0|0|55640|1646825701|1644247962|1644247962|1644247962|
*0|/usr/bin/sg_seek|2448|33261|0|0|19176|1646796626|1644247962|1644247962|1644247962|
*0|/usr/bin/top|1819|33261|0|0|129072|1646785951|1644247962|1644247962|1644247962|
*0|/usr/bin/grub-mkrescue|2335|33261|0|0|977200|1646796625|1644247962|1644247962|1644247962|
*0|/usr/bin/vigpg|2272|33261|0|0|2640|1646796626|1644247962|1644247962|1644247962|
*0|/usr/bin/os-prober|2363|33261|0|0|4551|1646796625|1644247962|1644247962|1644247962|
*0|/usr/bin/crontab|1905|34285|0|105|43720|1646796625|1644247962|1644247962|1644247962|
*0|/usr/bin/c_rehash|1782|33261|0|0|6332|1646796625|1644247962|1644247962|1644247962|
*0|/usr/bin/splain|2139|33261|0|0|19150|1646796626|1644247962|1644247962|1644247962|
*0|/usr/bin/ps|1780|33261|0|0|137688|1646882080|1644247962|1644247962|1644247962|
*0|/usr/bin/lzmore|2001|41471|0|0|24|1646943501|1644247962|1644247962|1644247962|
*0|/usr/bin/nisdomainname|1668|41471|0|0|8|1646943501|1644247962|1644247962|1644247962|
*0|/usr/bin/pydoc3|1987|41471|0|0|8|1646943501|1644247962|1644247962|1644247962|
*0|/usr/bin/chvt|1921|33261|0|0|14408|1646796625|1644247962|1644247962|1644247962|
*0|/usr/bin/newgrp|1567|35309|0|0|44784|1646796625|1644247962|1644247962|1644247962|
*0|/usr/bin/snapctl|16840|41471|0|0|20|1646943501|1646048230|1646048230|1646048230|
*0|/usr/bin/psfaddtable|1947|41471|0|0|9|1646943501|1644247962|1644247962|1644247962|
*0|/usr/bin/sg_wr_mode|2462|33261|0|0|23112|1646796626|1644247962|1644247962|1644247962|
*0|/usr/bin/touch|1615|33261|0|0|100728|1646883649|1644247962|1644247962|1644247962|
*0|/usr/bin/unexpand|1739|33261|0|0|43384|1646796626|1644247962|1644247962|1644247962|
*0|/usr/bin/sbsiglist|2390|33261|0|0|55696|1646796625|1644247962|1644247962|1644247962|
*0|/usr/bin/sg_stpg|2453|33261|0|0|23112|1646796626|1644247962|1644247962|1644247962|
*0|/usr/bin/md5sum|1700|33261|0|0|47480|1646796625|1644247962|1644247962|1644247962|
*0|/usr/bin/ssh-agent|2199|34285|0|114|350504|1646796626|1644247962|1644247962|1644247962|
*0|/usr/bin/ls|1580|33261|0|0|142144|1646918496|1644247962|1644247962|1644247962|
*0|/usr/bin/grub-glue-efi|2326|33261|0|0|249712|1646796625|1644247962|1644247962|1644247962|
*0|/usr/bin/view|1994|41471|0|0|22|1646943501|1644247962|1644247962|1644247962|
*0|/usr/bin/sg_test_rwbuf|2456|33261|0|0|14792|1646796626|1644247962|1644247962|1644247962|
*0|/usr/bin/login|1564|33261|0|0|57104|1646796625|1644247962|1644247962|1644247962|
*0|/usr/bin/lesskey|1890|33261|0|0|24288|1646796625|1644247962|1644247962|1644247962|
*0|/usr/bin/man|2085|33261|0|0|119632|1646796625|1644247962|1644247962|1644247962|
*0|/usr/bin/printenv|1712|33261|0|0|39256|1646796625|1644247962|1644247962|1644247962|
*0|/usr/bin/hostnamectl|2012|33261|0|0|26848|1646796625|1644247962|1644247962|1644247962|
*0|/usr/bin/byobu-disable|2244|33261|0|0|1295|1646796625|1644247962|1644247962|1644247962|
*0|/usr/bin/pollinate|2374|33261|0|0|8744|1646796625|1644247962|1644247962|1644247962|
*0|/usr/bin/podchecker|2132|33261|0|0|3658|1646796625|1644247962|1644247962|1644247962|
*0|/usr/bin/ntfsls|2044|33261|0|0|36184|1646796625|1644247962|1644247962|1644247962|
*0|/usr/bin/bzip2recover|1897|33261|0|0|18584|1646796625|1644247962|1644247962|1644247962|
*0|/usr/bin/getconf|22454|33261|0|0|35112|1646884259|1646306850|1646306850|1646306850|
*0|/usr/bin/snap|4895|33261|0|0|24624464|1646883598|1646048230|1646048230|1646048230|
*0|/usr/bin/kbxutil|2299|33261|0|0|179168|1646796625|1644247962|1644247962|1644247962|
*0|/usr/bin/pod2text|2130|33261|0|0|10803|1646796625|1644247962|1644247962|1644247962|
*0|/usr/bin/utmpdump|72113|33261|0|0|30952|1646796626|1646048180|1646048180|1646048180|
*0|/usr/bin/sg_sat_identify|2443|33261|0|0|23112|1646796626|1644247962|1644247962|1644247962|
*0|/usr/bin/linux32|72337|41471|0|0|7|1646943501|1646048180|1646048180|1646048180|
*0|/usr/bin/pod2usage|2131|33261|0|0|3948|1646796625|1644247962|1644247962|1644247962|
*0|/usr/bin/split|1726|33261|0|0|60184|1646796626|1644247962|1644247962|1644247962|
*0|/usr/bin/sg_ses_microcode|2451|33261|0|0|31976|1646796626|1644247962|1644247962|1644247962|
*0|/usr/bin/dpkg-deb|1637|33261|0|0|178728|1646883635|1644247962|1644247962|1644247962|
*0|/usr/bin/info|2181|33261|0|0|317176|1646796625|1644247962|1644247962|1644247962|
*0|/usr/bin/fallocate|72083|33261|0|0|35048|1646796625|1646048180|1646048180|1646048180|
*0|/usr/bin/uptime|1821|33261|0|0|14568|1646796626|1644247962|1644247962|1644247962|
*0|/usr/bin/vi|1993|41471|0|0|20|1646943501|1644247962|1644247962|1644247962|
*0|/usr/bin/gpgsplit|2297|33261|0|0|88840|1646796625|1644247962|1644247962|1644247962|
*0|/usr/bin/jsonschema|2379|33261|0|0|397|1646796625|1644247962|1644247962|1644247962|
*0|/usr/bin/pwdx|1812|33261|0|0|14568|1646796625|1644247962|1644247962|1644247962|
*0|/usr/bin/unlz4|2288|41471|0|0|3|1646943501|1644247962|1644247962|1644247962|
*0|/usr/bin/wget|2162|33261|0|0|544472|1646930120|1644247962|1644247962|1644247962|
*0|/usr/bin/b2sum|1621|33261|0|0|59768|1646796625|1644247962|1644247962|1644247962|
*0|/usr/bin/apt-cdrom|1805|33261|0|0|31192|1646796625|1644247962|1644247962|1644247962|
*0|/usr/bin/passwd|1888|35309|0|0|68208|1646796625|1644247962|1644247962|1644247962|
*0|/usr/bin/id|1695|33261|0|0|47480|1646871917|1644247962|1644247962|1644247962|
*0|/usr/bin/systemd-tmpfiles|1840|33261|0|0|88480|1646887636|1644247962|1644247962|1644247962|
*0|/usr/bin/dash|1584|33261|0|0|129816|1646889421|1644247962|1644247962|1644247962|
*0|/usr/bin/truncate|1736|33261|0|0|43352|1646796626|1644247962|1644247962|1644247962|
*0|/usr/bin/infocmp|1769|33261|0|0|63880|1646778140|1644247962|1644247962|1644247962|
*0|/usr/bin/expiry|1886|34285|0|42|31312|1646796625|1644247962|1644247962|1644247962|
*0|/usr/bin/zcmp|1656|33261|0|0|1678|1646796626|1644247962|1644247962|1644247962|
*0|/usr/bin/automat-visualize3|2343|33261|0|0|402|1646796625|1644247962|1644247962|1644247962|
*0|/usr/bin/deb-systemd-invoke|1671|33261|0|0|4430|1646796625|1644247962|1644247962|1644247962|
*0|/usr/bin/xdg-user-dir|1990|33261|0|0|234|1646796626|1644247962|1644247962|1644247962|
*0|/usr/bin/pyjwt3|2217|33261|0|0|372|1646796625|1644247962|1644247962|1644247962|
*0|/usr/bin/vmware-checkvm|2493|33261|0|0|14560|1646796626|1644247962|1644247962|1644247962|
*0|/usr/bin/gpic|2081|41471|0|0|3|1646943501|1644247962|1644247962|1644247962|
*0|/usr/bin/sg_rmsn|2439|33261|0|0|14696|1646796626|1644247962|1644247962|1644247962|
*0|/usr/bin/paste|1708|33261|0|0|43384|1646796625|1644247962|1644247962|1644247962|
*0|/usr/bin/tracepath|2183|33261|0|0|18584|1646796626|1644247962|1644247962|1644247962|
*0|/usr/bin/delpart|72082|33261|0|0|30952|1646796625|1646048180|1646048180|1646048180|
*0|/usr/bin/xdg-user-dirs-update|1991|33261|0|0|26696|1646796626|1644247962|1644247962|1644247962|
*0|/usr/bin/lslocks|72094|33261|0|0|39480|1646796625|1646048180|1646048180|1646048180|
*0|/usr/bin/editor|1996|41471|0|0|24|1646943501|1644247962|1644247962|1644247962|
*0|/usr/bin/pstree|2215|33261|0|0|36008|1646796625|1644247962|1644247962|1644247962|
*0|/usr/bin/nslookup|2167|33261|0|0|109360|1646796625|1644247962|1644247962|1644247962|
*0|/usr/bin/compose|1981|41471|0|0|11|1646943501|1644247962|1644247962|1644247962|
*0|/usr/bin/getkeycodes|1931|33261|0|0|14408|1646796625|1644247962|1644247962|1644247962|
*0|/usr/bin/byobu|2241|33261|0|0|8363|1646778140|1644247962|1644247962|1644247962|
*0|/usr/bin/sgp_dd|2472|33261|0|0|43176|1646796626|1644247962|1644247962|1644247962|
*0|/usr/bin/gpasswd|1887|35309|0|0|88464|1646796625|1644247962|1644247962|1644247962|
*0|/usr/bin/pldd|29181|33261|0|0|22904|1646796625|1646306850|1646306850|1646306850|
*0|/usr/bin/nano|2193|33261|0|0|320136|1646796625|1644247962|1644247962|1644247962|
*0|/usr/bin/nohup|1704|33261|0|0|43352|1646796625|1644247962|1644247962|1644247962|
*0|/usr/bin/perlthanks|2123|33261|0|0|46366|1646796625|1644247962|1644247962|1644247962|
*0|/usr/bin/sftp|2196|33261|0|0|170504|1646796625|1644247962|1644247962|1644247962|
*0|/usr/bin/debconf-communicate|1588|33261|0|0|608|1646796625|1644247962|1644247962|1644247962|
*0|/usr/bin/cpan|2115|33261|0|0|8155|1646796625|1644247962|1644247962|1644247962|
*0|/usr/bin/sha512sum|1722|33261|0|0|67960|1646796626|1644247962|1644247962|1644247962|
*0|/usr/bin/stat|1727|33261|0|0|88440|1646871917|1644247962|1644247962|1644247962|
*0|/usr/bin/mk_modmap|1935|33261|0|0|16163|1646796625|1644247962|1644247962|1644247962|
*0|/usr/bin/ulockmgr_server|2092|33261|0|0|18584|1646796626|1644247962|1644247962|1644247962|
*0|/usr/bin/setupcon|1903|33261|0|0|39233|1646796625|1644247962|1644247962|1644247962|
*0|/usr/bin/systemd-path|2024|33261|0|0|18656|1646796626|1644247962|1644247962|1644247962|
*0|/usr/bin/runcon|1716|33261|0|0|39256|1646796625|1644247962|1644247962|1644247962|
*0|/usr/bin/snapfuse|4896|33261|0|0|43304|1646796626|1646048230|1646048230|1646048230|
*0|/usr/bin/ping4|1919|41471|0|0|4|1646943501|1644247962|1644247962|1644247962|
*0|/usr/bin/systemd-analyze|2016|33261|0|0|1587584|1646796626|1644247962|1644247962|1644247962|
*0|/usr/bin/sss_ssh_knownhostsproxy|72524|33261|0|0|31032|1646796626|1646270069|1646270069|1646270069|
*0|/usr/bin/mdig|2166|33261|0|0|51608|1646796625|1644247962|1644247962|1644247962|
*0|/usr/bin/mandb|2087|33261|0|0|142432|1646888420|1644247962|1644247962|1644247962|
*0|/usr/bin/sync|1614|33261|0|0|39256|1646796626|1644247962|1644247962|1644247962|
*0|/usr/bin/dbus-run-session|1755|33261|0|0|14480|1646796625|1644247962|1644247962|1644247962|
*0|/usr/bin/vmware-namespace-cmd|2495|33261|0|0|22680|1646796626|1644247962|1644247962|1644247962|
*0|/usr/bin/pbget|2372|41471|0|0|5|1646943501|1644247962|1644247962|1644247962|
*0|/usr/bin/setlogcons|1941|33261|0|0|14408|1646796625|1644247962|1644247962|1644247962|
*0|/usr/bin/nsenter|72101|33261|0|0|35256|1646796625|1646048180|1646048180|1646048180|
*0|/usr/bin/mokutil|71225|33261|0|0|52456|1646796625|1644247974|1644247974|1644247974|
*0|/usr/bin/ssh-import-id-gh|2503|33261|0|0|785|1646796626|1644247962|1644247962|1644247962|
*0|/usr/bin/byobu-ctrl-a|2243|33261|0|0|4774|1646796625|1644247962|1644247962|1644247962|
*0|/usr/bin/tic|1771|33261|0|0|92584|1646796625|1644247962|1644247962|1644247962|
*0|/usr/bin/strace|2144|33261|0|0|1583592|1646796626|1644247962|1644247962|1644247962|
*0|/usr/bin/neqn|2073|33261|0|0|913|1646796625|1644247962|1644247962|1644247962|
*0|/usr/bin/mt|2094|41471|0|0|20|1646943501|1644247962|1644247962|1644247962|
*0|/usr/bin/perlbug|2123|33261|0|0|46366|1646796625|1644247962|1644247962|1644247962|
*0|/usr/bin/perlivp|2125|33261|0|0|10864|1646796625|1644247962|1644247962|1644247962|
*0|/usr/bin/kmodsign|2387|33261|0|0|14472|1646796625|1644247962|1644247962|1644247962|
*0|/usr/bin/showkey|1944|33261|0|0|18504|1646796626|1644247962|1644247962|1644247962|
*0|/usr/bin/infobrowser|2108|41471|0|0|29|1646943501|1644247962|1644247962|1644247962|
*0|/usr/bin/fwupdmgr|2314|33261|0|0|158000|1646796625|1644247962|1644247962|1644247962|
*0|/usr/bin/btrfsck|2238|41471|0|0|5|1646943501|1644247962|1644247962|1644247962|
*0|/usr/bin/ping6|1920|41471|0|0|4|1646943501|1644247962|1644247962|1644247962|
*0|/usr/bin/dpkg-maintscript-helper|1639|33261|0|0|20514|1646796625|1644247962|1644247962|1644247962|
*0|/usr/bin/static-sh|2170|41471|0|0|7|1646943501|1644247962|1644247962|1644247962|
*0|/usr/bin/mountpoint|19364|33261|0|0|14568|1646796625|1646048180|1646048180|1646048180|
*0|/usr/bin/col1|2268|33261|0|0|963|1646796625|1644247962|1644247962|1644247962|
*0|/usr/bin/renice|1854|33261|0|0|14568|1646778141|1646048194|1646048194|1646048194|
*0|/usr/bin/sed|1784|33261|0|0|121288|1646889801|1644247962|1644247962|1644247962|
*0|/usr/bin/sg_scan|2447|33261|0|0|18592|1646796626|1644247962|1644247962|1644247962|
*0|/usr/bin/tail|1731|33261|0|0|72088|1646918588|1644247962|1644247962|1644247962|
*0|/usr/bin/zdiff|1657|33261|0|0|5880|1646796626|1644247962|1644247962|1644247962|
*0|/usr/bin/gio|2346|33261|0|0|92568|1646796625|1644247962|1644247962|1644247962|
*0|/usr/bin/grub-menulst2cfg|2328|33261|0|0|233600|1646796625|1644247962|1644247962|1644247962|
*0|/usr/bin/bashbug|1601|33261|0|0|6794|1646796625|1644247962|1644247962|1644247962|
*0|/usr/bin/rm|1610|33261|0|0|72056|1646911501|1644247962|1644247962|1644247962|
*0|/usr/bin/gpg-agent|2306|33261|0|0|418856|1646796625|1644247962|1644247962|1644247962|
*0|/usr/bin/rlogin|2361|41471|0|0|24|1646943501|1644247962|1644247962|1644247962|
*0|/usr/bin/kmod|1950|33261|0|0|174424|1646796625|1644247962|1644247962|1644247962|
*0|/usr/bin/samba-regedit|72379|33261|0|0|105720|1646796625|1646270050|1646270050|1646270050|
*0|/usr/bin/sha224sum|1719|33261|0|0|59768|1646796626|1644247962|1644247962|1644247962|
*0|/usr/bin/sudoedit|1957|41471|0|0|4|1646943501|1644247962|1644247962|1644247962|
*0|/usr/bin/kill|1779|33261|0|0|30952|1646796625|1644247962|1644247962|1644247962|
*0|/usr/bin/which|1595|33261|0|0|946|1646911501|1644247962|1644247962|1644247962|
*0|/usr/bin/linux-boot-prober|2362|33261|0|0|1577|1646796625|1644247962|1644247962|1644247962|
*0|/usr/bin/gettext|2178|33261|0|0|43240|1646796625|1644247962|1644247962|1644247962|
*0|/usr/bin/pinentry|2100|41471|0|0|26|1646943501|1644247962|1644247962|1644247962|
*0|/usr/bin/red|2174|33261|0|0|89|1646796625|1644247962|1644247962|1644247962|
*0|/usr/bin/localedef|24689|33261|0|0|334808|1646796625|1646306850|1646306850|1646306850|
*0|/usr/bin/sginfo|2470|33261|0|0|73576|1646796626|1644247962|1644247962|1644247962|
*0|/usr/bin/debconf-show|1592|33261|0|0|1827|1646796625|1644247962|1644247962|1644247962|
*0|/usr/bin/mesg|72099|33261|0|0|14568|1646872915|1646048180|1646048180|1646048180|
*0|/usr/bin/zfgrep|1659|33261|0|0|29|1646796626|1644247962|1644247962|1644247962|
*0|/usr/bin/sosreport|2483|33261|0|0|1057|1646796626|1644247962|1644247962|1644247962|
*0|/usr/bin/echo|1577|33261|0|0|39256|1646825701|1644247962|1644247962|1644247962|
*0|/usr/bin/chage|1883|34285|0|42|84512|1646796625|1644247962|1644247962|1644247962|
*0|/usr/bin/fold|1691|33261|0|0|43352|1646796625|1644247962|1644247962|1644247962|
*0|/usr/bin/ip|1909|33261|0|0|611960|1646796625|1644247962|1644247962|1644247962|
*0|/usr/bin/sg_opcodes|2421|33261|0|0|35688|1646796626|1644247962|1644247962|1644247962|
*0|/usr/bin/btrfstune|2237|33261|0|0|437792|1646796625|1644247962|1644247962|1644247962|
*0|/usr/bin/sg_get_config|2412|33261|0|0|36088|1646796626|1644247962|1644247962|1644247962|
*0|/usr/bin/mt-gnu|2172|33261|0|0|88864|1646796625|1644247962|1644247962|1644247962|
*0|/usr/bin/ubuntu-core-launcher|16842|41471|0|0|25|1646943501|1646048230|1646048230|1646048230|
*0|/usr/bin/sbverify|2393|33261|0|0|63824|1646796625|1644247962|1644247962|1644247962|
*0|/usr/bin/resizecons|1937|33261|0|0|22664|1646796625|1644247962|1644247962|1644247962|
*0|/usr/bin/lnstat|1911|33261|0|0|31240|1646796625|1644247962|1644247962|1644247962|
*0|/usr/bin/showconsolefont|1943|33261|0|0|18504|1646796626|1644247962|1644247962|1644247962|
*0|/usr/bin/pyhtmlizer3|2353|33261|0|0|392|1646796625|1644247962|1644247962|1644247962|
*0|/usr/bin/testparm|72382|33261|0|0|39224|1646796626|1646270050|1646270050|1646270050|
*0|/usr/bin/arch|1620|33261|0|0|39288|1646796625|1644247962|1644247962|1644247962|
*0|/usr/bin/mapscrn|1934|33261|0|0|26760|1646796625|1644247962|1644247962|1644247962|
*0|/usr/bin/ntfstruncate|2048|33261|0|0|43200|1646796625|1644247962|1644247962|1644247962|
*0|/usr/bin/conch3|2351|33261|0|0|382|1646796625|1644247962|1644247962|1644247962|
*0|/usr/bin/ltrace|2190|33261|0|0|308560|1646796625|1644247962|1644247962|1644247962|
*0|/usr/bin/btrfs-convert|2232|33261|0|0|466464|1646796625|1644247962|1644247962|1644247962|
*0|/usr/bin/apt-config|1806|33261|0|0|27016|1646935675|1644247962|1644247962|1644247962|
*0|/usr/bin/dpkg-split|1641|33261|0|0|125424|1646883635|1644247962|1644247962|1644247962|
*0|/usr/bin/vmware-hgfsclient|2494|33261|0|0|14560|1646796626|1644247962|1644247962|1644247962|
*0|/usr/bin/patch|2146|33261|0|0|195096|1646796625|1644247962|1644247962|1644247962|
*0|/usr/bin/zless|1662|33261|0|0|2206|1646796626|1644247962|1644247962|1644247962|
*0|/usr/bin/unattended-upgrade|2485|33261|0|0|99313|1646889806|1644247962|1644247962|1644247962|
*0|/usr/bin/ldapwhoami|69573|33261|0|0|63808|1646796625|1646270038|1646270038|1646270038|
*0|/usr/bin/byobu-ulevel|2267|33261|0|0|11996|1646796625|1644247962|1644247962|1644247962|
*0|/usr/bin/sg_prevent|2423|33261|0|0|14696|1646796626|1644247962|1644247962|1644247962|
*0|/usr/bin/byobu-launcher|2252|33261|0|0|1910|1646796625|1644247962|1644247962|1644247962|
*0|/usr/bin/wifi-status|2273|33261|0|0|2107|1646796626|1644247962|1644247962|1644247962|
*0|/usr/bin/kbd_mode|1924|33261|0|0|14408|1646796625|1644247962|1644247962|1644247962|
*0|/usr/bin/gpgparsemail|2296|33261|0|0|35200|1646796625|1644247962|1644247962|1644247962|
*0|/usr/bin/vmstat|1822|33261|0|0|39168|1646796626|1644247962|1644247962|1644247962|
*0|/usr/bin/sg_read|2427|33261|0|0|26784|1646796626|1644247962|1644247962|1644247962|
*0|/usr/bin/preconv|2076|33261|0|0|68104|1646796625|1644247962|1644247962|1644247962|
*0|/usr/bin/diff|1633|33261|0|0|219480|1646796625|1644247962|1644247962|1644247962|
*0|/usr/bin/run-one|2381|33261|0|0|3592|1646796625|1644247962|1644247962|1644247962|
*0|/usr/bin/sg_referrals|2434|33261|0|0|14856|1646796626|1644247962|1644247962|1644247962|
*0|/usr/bin/sg_write_buffer|2463|33261|0|0|27752|1646796626|1644247962|1644247962|1644247962|
*0|/usr/bin/comm|1627|33261|0|0|43384|1646796625|1644247962|1644247962|1644247962|
*0|/usr/bin/sg_rtpg|2440|33261|0|0|14792|1646796626|1644247962|1644247962|1644247962|
*0|/usr/bin/sg_inq|2415|33261|0|0|126456|1646796626|1644247962|1644247962|1644247962|
*0|/usr/bin/whatis|2089|33261|0|0|56536|1646796625|1644247962|1644247962|1644247962|
*0|/usr/bin/ntfscluster|2039|33261|0|0|39176|1646796625|1644247962|1644247962|1644247962|
*0|/usr/bin/byobu-launcher-install|2253|33261|0|0|2459|1646796625|1644247962|1644247962|1644247962|
*0|/usr/bin/printerbanner|2064|33261|0|0|22680|1646796625|1644247962|1644247962|1644247962|
*0|/usr/bin/xargs|1647|33261|0|0|76152|1646910862|1644247962|1644247962|1644247962|
*0|/usr/bin/vim.tiny|1959|33261|0|0|1349848|1646796626|1644247962|1644247962|1644247962|
*0|/usr/bin/vim|2105|41471|0|0|21|1646943501|1644247962|1644247962|1644247962|
*0|/usr/bin/pidof|1789|41471|0|0|14|1646943501|1644247962|1644247962|1644247962|
*0|/usr/bin/git-receive-pack|2320|41471|0|0|3|1646943501|1644247962|1644247962|1644247962|
*0|/usr/bin/systemd-cgls|2018|33261|0|0|22864|1646796626|1644247962|1644247962|1644247962|
*0|/usr/bin/date|1573|33261|0|0|108920|1646911501|1644247962|1644247962|1644247962|
*0|/usr/bin/ssh-add|2198|33261|0|0|370976|1646796626|1644247962|1644247962|1644247962|
*0|/usr/bin/git-upload-archive|2321|41471|0|0|3|1646943501|1644247962|1644247962|1644247962|
*0|/usr/bin/systemctl|1765|33261|0|0|996584|1646889800|1644247962|1644247962|1644247962|
*0|/usr/bin/vimtutor|1563|33261|0|0|2121|1646796626|1644247962|1644247962|1644247962|
*0|/usr/bin/keyring|2187|33261|0|0|385|1646796625|1644247962|1644247962|1644247962|
*0|/usr/bin/cut|1629|33261|0|0|47480|1646883114|1644247962|1644247962|1644247962|
*0|/usr/bin/grub-mount|2337|33261|0|0|746288|1646796625|1644247962|1644247962|1644247962|
*0|/usr/bin/vmtoolsd|2492|33261|0|0|63904|1646884276|1644247962|1644247962|1644247962|
*0|/usr/bin/journalctl|1762|33261|0|0|80120|1646796625|1644247962|1644247962|1644247962|
*0|/usr/bin/ngettext|2180|33261|0|0|43240|1646796625|1644247962|1644247962|1644247962|
*0|/usr/bin/distro-info|1747|41471|0|0|18|1646943501|1644247962|1644247962|1644247962|
*0|/usr/bin/select-editor|1785|33261|0|0|2442|1646796625|1644247962|1644247962|1644247962|
*0|/usr/bin/pkttyagent|20596|33261|0|0|18744|1646796625|1646221704|1646221704|1646221704|
*0|/usr/bin/sha384sum|1721|33261|0|0|67960|1646796626|1644247962|1644247962|1644247962|
*0|/usr/bin/zforce|1660|33261|0|0|2081|1646796626|1644247962|1644247962|1644247962|
*0|/usr/bin/lz4c|2286|41471|0|0|3|1646943501|1644247962|1644247962|1644247962|
*0|/usr/bin/sg_rep_zones|2435|33261|0|0|27224|1646796626|1644247962|1644247962|1644247962|
*0|/usr/bin/sg_reassign|2433|33261|0|0|14856|1646796626|1644247962|1644247962|1644247962|
*0|/usr/bin/grub-mkimage|2330|33261|0|0|357328|1646796625|1644247962|1644247962|1644247962|
*0|/usr/bin/routel|1915|33261|0|0|1656|1646796625|1644247962|1644247962|1644247962|
*0|/usr/bin/sg_rbuf|2425|33261|0|0|23112|1646796626|1644247962|1644247962|1644247962|
*0|/usr/bin/hexdump|2060|33261|0|0|35072|1646796625|1644247962|1644247962|1644247962|
*0|/usr/bin/getent|22953|33261|0|0|39576|1646883637|1646306850|1646306850|1646306850|
*0|/usr/bin/umount|6154|35309|0|0|39144|1646796626|1646048262|1646048262|1646048262|
*0|/usr/bin/byobu-status-detail|2265|33261|0|0|1207|1646796625|1644247962|1644247962|1644247962|
*0|/usr/bin/lsmod|1951|41471|0|0|4|1646918566|1644247962|1644247962|1644247962|
*0|/usr/bin/chcon|1625|33261|0|0|72024|1646796625|1644247962|1644247962|1644247962|
*0|/usr/bin/strace-log-merge|2145|33261|0|0|1821|1646796626|1644247962|1644247962|1644247962|
*0|/usr/bin/lslogins|72095|33261|0|0|67816|1646796625|1646048180|1646048180|1646048180|
*0|/usr/bin/apport-unpack|2220|33261|0|0|2068|1646796625|1644247962|1644247962|1644247962|
*0|/usr/bin/manifest|2270|33261|0|0|1942|1646796625|1644247962|1644247962|1644247962|
*0|/usr/bin/xzfgrep|1977|41471|0|0|6|1646943501|1644247962|1644247962|1644247962|
*0|/usr/bin/pkexec|20595|35309|0|0|31032|1646796625|1646221708|1646221708|1646221708|
*0|/usr/bin/xzcat|1974|41471|0|0|2|1646943501|1644247962|1644247962|1644247962|
*0|/usr/bin/bzcat|1893|33261|0|0|39144|1646796625|1644247962|1644247962|1644247962|
*0|/usr/bin/trial3|2355|33261|0|0|382|1646796626|1644247962|1644247962|1644247962|
*0|/usr/bin/pinky|1710|33261|0|0|43384|1646796625|1644247962|1644247962|1644247962|
### END python3 fs.py -d /usr/bin###

