### BEGIN python3 fs.py -d /usr/bin###

*0|/usr/bin/sg_zone|1056|33261|0|0|15000|1646261614|1646261614|1646261614|1646261614|
*0|/usr/bin/apport-bug|476|33261|0|0|2558|1646261612|1646261612|1646261612|1646261612|
*0|/usr/bin/groff|705|33261|0|0|124448|1646261613|1646261613|1646261613|1646261613|
*0|/usr/bin/btrfstune|511|33261|0|0|437792|1646261612|1646261612|1646261612|1646261612|
*0|/usr/bin/snapctl|11663|41471|0|0|20|1646262387|1646261719|1646261719|1646261719|
*0|/usr/bin/linux-update-symlinks|767|33261|0|0|6320|1646261662|1646261613|1646261613|1646261613|
*0|/usr/bin/finalrd|663|33261|0|0|2152|1646261613|1646261613|1646261613|1646261613|
*0|/usr/bin/sg_get_config|999|33261|0|0|36088|1646261614|1646261614|1646261614|1646261614|
*0|/usr/bin/ed|645|33261|0|0|55504|1646261613|1646261613|1646261613|1646261613|
*0|/usr/bin/join|738|33261|0|0|55672|1646261613|1646261613|1646261613|1646261613|
*0|/usr/bin/codepage|576|33261|0|0|14328|1646261612|1646261612|1646261612|1646261612|
*0|/usr/bin/split|1081|33261|0|0|60184|1646261614|1646261614|1646261614|1646261614|
*0|/usr/bin/scsi_satl|969|33261|0|0|3857|1646261614|1646261614|1646261614|1646261614|
*0|/usr/bin/run-one-constantly|134|41471|0|0|7|1646262387|1646261612|1646261612|1646261612|
*0|/usr/bin/chsh|565|35309|0|0|53040|1646261612|1646261612|1646261612|1646261612|
*0|/usr/bin/systemd-inhibit|1113|33261|0|0|22776|1646261614|1646261614|1646261614|1646261614|
*0|/usr/bin/cpio|588|33261|0|0|165504|1646261671|1646261612|1646261612|1646261612|
*0|/usr/bin/fuser|671|33261|0|0|40184|1646261613|1646261613|1646261613|1646261613|
*0|/usr/bin/sg_get_lba_status|1000|33261|0|0|19176|1646261614|1646261614|1646261614|1646261614|
*0|/usr/bin/sg_senddiag|1036|33261|0|0|27688|1646261614|1646261614|1646261614|1646261614|
*0|/usr/bin/gpasswd|690|35309|0|0|88464|1646261613|1646261613|1646261613|1646261613|
*0|/usr/bin/vmware-rpctool|1202|33261|0|0|18584|1646261614|1646261614|1646261614|1646261614|
*0|/usr/bin/sg_read_attr|1015|33261|0|0|37352|1646261614|1646261614|1646261614|1646261614|
*0|/usr/bin/pollinate|905|33261|0|0|8744|1646261796|1646261613|1646261613|1646261613|
*0|/usr/bin/systemd-resolve|149|41471|0|0|10|1646262387|1646261612|1646261612|1646261612|
*0|/usr/bin/ntfsrecover|860|33261|0|0|121096|1646261613|1646261613|1646261613|1646261613|
*0|/usr/bin/sbsiglist|956|33261|0|0|55696|1646261613|1646261613|1646261613|1646261613|
*0|/usr/bin/csplit|590|33261|0|0|55672|1646261612|1646261612|1646261612|1646261612|
*0|/usr/bin/yes|1234|33261|0|0|39256|1646261614|1646261614|1646261614|1646261614|
*0|/usr/bin/getconf|8356|33261|0|0|35112|1646261793|1646261722|1646261722|1646261722|
*0|/usr/bin/pkill|116|41471|0|0|5|1646262387|1646261612|1646261612|1646261612|
*0|/usr/bin/linux64|85|41471|0|0|7|1646262387|1646261612|1646261612|1646261612|
*0|/usr/bin/lsinitramfs|790|33261|0|0|706|1646261613|1646261613|1646261613|1646261613|
*0|/usr/bin/runcon|952|33261|0|0|39256|1646261613|1646261613|1646261613|1646261613|
*0|/usr/bin/lspgpot|798|33261|0|0|1081|1646261613|1646261613|1646261613|1646261613|
*0|/usr/bin/pydoc3|123|41471|0|0|8|1646262387|1646261612|1646261612|1646261612|
*0|/usr/bin/cpan|586|33261|0|0|8155|1646261612|1646261612|1646261612|1646261612|
*0|/usr/bin/fmt|668|33261|0|0|47448|1646261613|1646261613|1646261613|1646261613|
*0|/usr/bin/run-mailcap|949|33261|0|0|18487|1646261613|1646261613|1646261613|1646261613|
*0|/usr/bin/addpart|475|33261|0|0|30952|1646261612|1646261612|1646261612|1646261612|
*0|/usr/bin/uname|1169|33261|0|0|39288|1646261665|1646261614|1646261614|1646261614|
*0|/usr/bin/byobu-disable-prompt|518|33261|0|0|1341|1646261612|1646261612|1646261612|1646261612|
*0|/usr/bin/fusermount|672|35309|0|0|39144|1646261613|1646261613|1646261613|1646261613|
*0|/usr/bin/sg_logs|1003|33261|0|0|154488|1646261614|1646261614|1646261614|1646261614|
*0|/usr/bin/python3|125|41471|0|0|9|1646261636|1646261612|1646261612|1646261612|
*0|/usr/bin/distro-info|57|41471|0|0|18|1646262387|1646261612|1646261612|1646261612|
*0|/usr/bin/time|1135|33261|0|0|14720|1646261614|1646261614|1646261614|1646261614|
*0|/usr/bin/unmkinitramfs|1177|33261|0|0|3676|1646261614|1646261614|1646261614|1646261614|
*0|/usr/bin/ionice|732|33261|0|0|30952|1646261613|1646261613|1646261613|1646261613|
*0|/usr/bin/strace|1093|33261|0|0|1583592|1646261614|1646261614|1646261614|1646261614|
*0|/usr/bin/less|759|33261|0|0|180064|1646261613|1646261613|1646261613|1646261613|
*0|/usr/bin/sg_format|998|33261|0|0|35976|1646261614|1646261614|1646261614|1646261614|
*0|/usr/bin/byobu-ulevel|540|33261|0|0|11996|1646261612|1646261612|1646261612|1646261612|
*0|/usr/bin/tsort|1153|33261|0|0|43352|1646261671|1646261614|1646261614|1646261614|
*0|/usr/bin/linux-version|768|33261|0|0|2698|1646261613|1646261613|1646261613|1646261613|
*0|/usr/bin/unsquashfs|1179|33261|0|0|114808|1646261720|1646261614|1646261614|1646261614|
*0|/usr/bin/kbd_mode|745|33261|0|0|14408|1646261674|1646261613|1646261613|1646261613|
*0|/usr/bin/vmware-toolbox-cmd|1203|33261|0|0|47552|1646261614|1646261614|1646261614|1646261614|
*0|/usr/bin/vmhgfs-fuse|1196|33261|0|0|51856|1646261614|1646261614|1646261614|1646261614|
*0|/usr/bin/lslocks|792|33261|0|0|39480|1646261613|1646261613|1646261613|1646261613|
*0|/usr/bin/lsattr|785|33261|0|0|14656|1646261613|1646261613|1646261613|1646261613|
*0|/usr/bin/vimtutor|1195|33261|0|0|2121|1646261614|1646261614|1646261614|1646261614|
*0|/usr/bin/getent|8357|33261|0|0|39576|1646261722|1646261722|1646261722|1646261722|
*0|/usr/bin/mksquashfs|821|33261|0|0|210904|1646261613|1646261613|1646261613|1646261613|
*0|/usr/bin/byobu|514|33261|0|0|8363|1646261612|1646261612|1646261612|1646261612|
*0|/usr/bin/scriptreplay|964|33261|0|0|30952|1646261614|1646261614|1646261614|1646261614|
*0|/usr/bin/ubuntu-core-launcher|11667|41471|0|0|25|1646262387|1646261719|1646261719|1646261719|
*0|/usr/bin/truncate|1151|33261|0|0|43352|1646261614|1646261614|1646261614|1646261614|
*0|/usr/bin/ptx|921|33261|0|0|80280|1646261613|1646261613|1646261613|1646261613|
*0|/usr/bin/scsi_temperature|972|33261|0|0|936|1646261614|1646261614|1646261614|1646261614|
*0|/usr/bin/sg_reset|1024|33261|0|0|14856|1646261614|1646261614|1646261614|1646261614|
*0|/usr/bin/showconsolefont|1066|33261|0|0|18504|1646261614|1646261614|1646261614|1646261614|
*0|/usr/bin/sbattach|954|33261|0|0|55632|1646261613|1646261613|1646261613|1646261613|
*0|/usr/bin/psfxtable|915|33261|0|0|22520|1646261613|1646261613|1646261613|1646261613|
*0|/usr/bin/kbxutil|747|33261|0|0|179168|1646261613|1646261613|1646261613|1646261613|
*0|/usr/bin/wall|1210|34285|0|5|35048|1646261614|1646261614|1646261614|1646261614|
*0|/usr/bin/linux-check-removal|766|33261|0|0|4090|1646261613|1646261613|1646261613|1646261613|
*0|/usr/bin/atq|34|41471|0|0|2|1646262387|1646261612|1646261612|1646261612|
*0|/usr/bin/apt-get|486|33261|0|0|47576|1646261636|1646261612|1646261612|1646261612|
*0|/usr/bin/printf|910|33261|0|0|59736|1646261613|1646261613|1646261613|1646261613|
*0|/usr/bin/pkaction|8205|33261|0|0|18744|1646261714|1646261714|1646261714|1646261714|
*0|/usr/bin/screendump|962|33261|0|0|14328|1646261614|1646261614|1646261614|1646261614|
*0|/usr/bin/sh|142|41471|0|0|4|1646261637|1646261612|1646261612|1646261612|
*0|/usr/bin/chage|554|34285|0|42|84512|1646261662|1646261612|1646261612|1646261612|
*0|/usr/bin/twistd3|1156|33261|0|0|384|1646261614|1646261614|1646261614|1646261614|
*0|/usr/bin/perl5.30.0|879|33261|0|0|3478464|1646261636|1646261613|1646261613|1646261613|
*0|/usr/bin/gpg-wks-server|694|33261|0|0|208072|1646261613|1646261613|1646261613|1646261613|
*0|/usr/bin/mkfifo|819|33261|0|0|67928|1646261613|1646261613|1646261613|1646261613|
*0|/usr/bin/lshw|789|33261|0|0|861384|1646261613|1646261613|1646261613|1646261613|
*0|/usr/bin/systemd-umount|150|41471|0|0|13|1646262387|1646261612|1646261612|1646261612|
*0|/usr/bin/busctl|512|33261|0|0|88416|1646261612|1646261612|1646261612|1646261612|
*0|/usr/bin/ntfsfix|856|33261|0|0|47376|1646261613|1646261613|1646261613|1646261613|
*0|/usr/bin/zipdetails|1243|33261|0|0|50718|1646261614|1646261614|1646261614|1646261614|
*0|/usr/bin/python3.8|931|33261|0|0|5490488|1646261636|1646261613|1646261613|1646261613|
*0|/usr/bin/deb-systemd-invoke|608|33261|0|0|4430|1646261662|1646261612|1646261612|1646261612|
*0|/usr/bin/fgrep|661|33261|0|0|28|1646261683|1646261613|1646261613|1646261613|
*0|/usr/bin/git-shell|689|33261|0|0|1773344|1646261613|1646261613|1646261613|1646261613|
*0|/usr/bin/grub-mkstandalone|15559|33261|0|0|489328|1646261642|1646261642|1646261642|1646261642|
*0|/usr/bin/pslog|916|33261|0|0|14488|1646261613|1646261613|1646261613|1646261613|
*0|/usr/bin/pod2html|899|33261|0|0|4134|1646261613|1646261613|1646261613|1646261613|
*0|/usr/bin/resizecons|939|33261|0|0|22664|1646261613|1646261613|1646261613|1646261613|
*0|/usr/bin/dirname|629|33261|0|0|39256|1646261664|1646261612|1646261612|1646261612|
*0|/usr/bin/unattended-upgrades|156|41471|0|0|18|1646261692|1646261612|1646261612|1646261612|
*0|/usr/bin/sensible-browser|976|33261|0|0|1230|1646261614|1646261614|1646261614|1646261614|
*0|/usr/bin/printenv|908|33261|0|0|39256|1646261613|1646261613|1646261613|1646261613|
*0|/usr/bin/chown|563|33261|0|0|72024|1646261714|1646261612|1646261612|1646261612|
*0|/usr/bin/xdg-user-dirs-update|1226|33261|0|0|26696|1646261614|1646261614|1646261614|1646261614|
*0|/usr/bin/bzegrep|41|41471|0|0|6|1646262387|1646261612|1646261612|1646261612|
*0|/usr/bin/eatmydata|642|33261|0|0|2806|1646261640|1646261613|1646261613|1646261613|
*0|/usr/bin/mesg|814|33261|0|0|14568|1646261613|1646261613|1646261613|1646261613|
*0|/usr/bin/sg_verify|1047|33261|0|0|19176|1646261614|1646261614|1646261614|1646261614|
*0|/usr/bin/nproc|843|33261|0|0|43352|1646261613|1646261613|1646261613|1646261613|
*0|/usr/bin/bzless|43|41471|0|0|6|1646262387|1646261612|1646261612|1646261612|
*0|/usr/bin/scsi_start|970|33261|0|0|1285|1646261614|1646261614|1646261614|1646261614|
*0|/usr/bin/cloud-id|572|33261|0|0|390|1646261612|1646261612|1646261612|1646261612|
*0|/usr/bin/lsmod|86|41471|0|0|4|1646262387|1646261612|1646261612|1646261612|
*0|/usr/bin/base64|495|33261|0|0|43352|1646261612|1646261612|1646261612|1646261612|
*0|/usr/bin/print|117|41471|0|0|11|1646262387|1646261612|1646261612|1646261612|
*0|/usr/bin/sed|974|33261|0|0|121288|1646261637|1646261614|1646261614|1646261614|
*0|/usr/bin/unlzma|158|41471|0|0|24|1646262387|1646261612|1646261612|1646261612|
*0|/usr/bin/usb-devices|1183|33261|0|0|4100|1646261614|1646261614|1646261614|1646261614|
*0|/usr/bin/zcat|1235|33261|0|0|1984|1646261614|1646261614|1646261614|1646261614|
*0|/usr/bin/xzegrep|169|41471|0|0|6|1646262387|1646261612|1646261612|1646261612|
*0|/usr/bin/sos|1077|33261|0|0|596|1646261614|1646261614|1646261614|1646261614|
*0|/usr/bin/ua|153|41471|0|0|16|1646262387|1646261612|1646261612|1646261612|
*0|/usr/bin/ubuntu-security-status|1160|33261|0|0|23756|1646261614|1646261614|1646261614|1646261614|
*0|/usr/bin/znew|1246|33261|0|0|4553|1646261614|1646261614|1646261614|1646261614|
*0|/usr/bin/btrfs-image|508|33261|0|0|462368|1646261612|1646261612|1646261612|1646261612|
*0|/usr/bin/splitfont|1082|33261|0|0|14328|1646261614|1646261614|1646261614|1646261614|
*0|/usr/bin/prtstat|913|33261|0|0|22760|1646261613|1646261613|1646261613|1646261613|
*0|/usr/bin/lessfile|83|41471|0|0|8|1646262387|1646261612|1646261612|1646261612|
*0|/usr/bin/json_pp|740|33261|0|0|4667|1646261613|1646261613|1646261613|1646261613|
*0|/usr/bin/sg_vpd|1048|33261|0|0|116920|1646261614|1646261614|1646261614|1646261614|
*0|/usr/bin/partx|870|33261|0|0|121072|1646261613|1646261613|1646261613|1646261613|
*0|/usr/bin/nl|841|33261|0|0|43448|1646261613|1646261613|1646261613|1646261613|
*0|/usr/bin/keep-one-running|81|41471|0|0|7|1646262387|1646261612|1646261612|1646261612|
*0|/usr/bin/b2sum|493|33261|0|0|59768|1646261612|1646261612|1646261612|1646261612|
*0|/usr/bin/cat|549|33261|0|0|43416|1646261637|1646261612|1646261612|1646261612|
*0|/usr/bin/pyjwt3|930|33261|0|0|372|1646261613|1646261613|1646261613|1646261613|
*0|/usr/bin/busybox|513|33261|0|0|2172376|1646261612|1646261612|1646261612|1646261612|
*0|/usr/bin/bzdiff|541|33261|0|0|2227|1646261612|1646261612|1646261612|1646261612|
*0|/usr/bin/sg_write_same|1052|33261|0|0|27400|1646261614|1646261614|1646261614|1646261614|
*0|/usr/bin/growpart|710|33261|0|0|24522|1646261613|1646261613|1646261613|1646261613|
*0|/usr/bin/sg_sat_set_features|1033|33261|0|0|18984|1646261614|1646261614|1646261614|1646261614|
*0|/usr/bin/ucfr|1163|33261|0|0|10722|1646261664|1646261614|1646261614|1646261614|
*0|/usr/bin/sg_modes|1007|33261|0|0|46712|1646261614|1646261614|1646261614|1646261614|
*0|/usr/bin/edit|60|41471|0|0|11|1646262387|1646261612|1646261612|1646261612|
*0|/usr/bin/byobu-prompt|529|33261|0|0|1156|1646261612|1646261612|1646261612|1646261612|
*0|/usr/bin/automat-visualize3|492|33261|0|0|402|1646261612|1646261612|1646261612|1646261612|
*0|/usr/bin/whatis|1216|33261|0|0|56536|1646261614|1646261614|1646261614|1646261614|
*0|/usr/bin/shuf|1069|33261|0|0|59736|1646261614|1646261614|1646261614|1646261614|
*0|/usr/bin/sg_rtpg|1027|33261|0|0|14792|1646261614|1646261614|1646261614|1646261614|
*0|/usr/bin/scsi_logging_level|965|33261|0|0|8585|1646261614|1646261614|1646261614|1646261614|
*0|/usr/bin/sudoedit|147|41471|0|0|4|1646262387|1646261612|1646261612|1646261612|
*0|/usr/bin/ntfsinfo|857|33261|0|0|59672|1646261613|1646261613|1646261613|1646261613|
*0|/usr/bin/ntfscat|851|33261|0|0|35080|1646261613|1646261613|1646261613|1646261613|
*0|/usr/bin/lscpu|788|33261|0|0|100584|1646261613|1646261613|1646261613|1646261613|
*0|/usr/bin/du|640|33261|0|0|108920|1646261613|1646261613|1646261613|1646261613|
*0|/usr/bin/diff3|623|33261|0|0|67800|1646261612|1646261612|1646261612|1646261612|
*0|/usr/bin/ssh-keyscan|1090|33261|0|0|465208|1646261614|1646261614|1646261614|1646261614|
*0|/usr/bin/os-prober|15704|33261|0|0|4551|1646261685|1646261660|1646261660|1646261660|
*0|/usr/bin/ldd|8360|33261|0|0|5427|1646261722|1646261722|1646261722|1646261722|
*0|/usr/bin/dumpkeys|641|33261|0|0|178712|1646261613|1646261613|1646261613|1646261613|
*0|/usr/bin/psfgettable|119|41471|0|0|9|1646262387|1646261612|1646261612|1646261612|
*0|/usr/bin/sg_stpg|1040|33261|0|0|23112|1646261614|1646261614|1646261614|1646261614|
*0|/usr/bin/mt-gnu|826|33261|0|0|88864|1646261613|1646261613|1646261613|1646261613|
*0|/usr/bin/systemd-id128|1112|33261|0|0|22752|1646261614|1646261614|1646261614|1646261614|
*0|/usr/bin/ntfssecaudit|861|33261|0|0|97024|1646261613|1646261613|1646261613|1646261613|
*0|/usr/bin/tr|1145|33261|0|0|51544|1646261664|1646261614|1646261614|1646261614|
*0|/usr/bin/xzcat|167|41471|0|0|2|1646262387|1646261612|1646261612|1646261612|
*0|/usr/bin/ubuntu-bug|154|41471|0|0|10|1646262387|1646261612|1646261612|1646261612|
*0|/usr/bin/bzexe|542|33261|0|0|4877|1646261612|1646261612|1646261612|1646261612|
*0|/usr/bin/ssh-keygen|1089|33261|0|0|477488|1646261689|1646261614|1646261614|1646261614|
*0|/usr/bin/true|1150|33261|0|0|39256|1646261660|1646261614|1646261614|1646261614|
*0|/usr/bin/sg_sat_read_gplog|1032|33261|0|0|19016|1646261614|1646261614|1646261614|1646261614|
*0|/usr/bin/usbreset|1185|33261|0|0|14640|1646261614|1646261614|1646261614|1646261614|
*0|/usr/bin/gpgtar|701|33261|0|0|155264|1646261613|1646261613|1646261613|1646261613|
*0|/usr/bin/lnstat|770|33261|0|0|31240|1646261613|1646261613|1646261613|1646261613|
*0|/usr/bin/dmesg|630|33261|0|0|84440|1646261612|1646261612|1646261612|1646261612|
*0|/usr/bin/atrm|35|41471|0|0|2|1646262387|1646261612|1646261612|1646261612|
*0|/usr/bin/fold|669|33261|0|0|43352|1646261613|1646261613|1646261613|1646261613|
*0|/usr/bin/sg_luns|1004|33261|0|0|23176|1646261614|1646261614|1646261614|1646261614|
*0|/usr/bin/wifi-status|1222|33261|0|0|2107|1646261614|1646261614|1646261614|1646261614|
*0|/usr/bin/cp|585|33261|0|0|153976|1646261637|1646261612|1646261612|1646261612|
*0|/usr/bin/sg_ident|1001|33261|0|0|14792|1646261614|1646261614|1646261614|1646261614|
*0|/usr/bin/byobu-ctrl-a|516|33261|0|0|4774|1646261612|1646261612|1646261612|1646261612|
*0|/usr/bin/ptardiff|919|33261|0|0|2628|1646261613|1646261613|1646261613|1646261613|
*0|/usr/bin/pkttyagent|8242|33261|0|0|18744|1646261714|1646261714|1646261714|1646261714|
*0|/usr/bin/perl5.30-x86_64-linux-gnu|878|33261|0|0|14648|1646261613|1646261613|1646261613|1646261613|
*0|/usr/bin/jsonpatch|741|33261|0|0|3662|1646261613|1646261613|1646261613|1646261613|
*0|/usr/bin/grub-menulst2cfg|15551|33261|0|0|233600|1646261642|1646261642|1646261642|1646261642|
*0|/usr/bin/rename.ul|936|33261|0|0|22760|1646261613|1646261613|1646261613|1646261613|
*0|/usr/bin/rdma|932|33261|0|0|133360|1646261613|1646261613|1646261613|1646261613|
*0|/usr/bin/unicode_stop|1174|33261|0|0|530|1646261614|1646261614|1646261614|1646261614|
*0|/usr/bin/view|161|41471|0|0|22|1646262387|1646261612|1646261612|1646261612|
*0|/usr/bin/py3versions|122|41471|0|0|31|1646262387|1646261612|1646261612|1646261612|
*0|/usr/bin/col6|51|41471|0|0|4|1646262387|1646261612|1646261612|1646261612|
*0|/usr/bin/instmodsh|731|33261|0|0|4370|1646261613|1646261613|1646261613|1646261613|
*0|/usr/bin/mawk|810|33261|0|0|162552|1646261613|1646261613|1646261613|1646261613|
*0|/usr/bin/sg_opcodes|1008|33261|0|0|35688|1646261614|1646261614|1646261614|1646261614|
*0|/usr/bin/grub-render-label|15561|33261|0|0|819968|1646261642|1646261642|1646261642|1646261642|
*0|/usr/bin/pic|884|33261|0|0|221536|1646261613|1646261613|1646261613|1646261613|
*0|/usr/bin/fwupdmgr|675|33261|0|0|158000|1646261613|1646261613|1646261613|1646261613|
*0|/usr/bin/sg_read_block_limits|1016|33261|0|0|14728|1646261614|1646261614|1646261614|1646261614|
*0|/usr/bin/grub-file|15547|33261|0|0|799104|1646261642|1646261642|1646261642|1646261642|
*0|/usr/bin/pinentry-curses|886|33261|0|0|68240|1646261613|1646261613|1646261613|1646261613|
*0|/usr/bin/dfu-tool|620|33261|0|0|104752|1646261612|1646261612|1646261612|1646261612|
*0|/usr/bin/snap|8081|33261|0|0|24624464|1646261719|1646261719|1646261719|1646261719|
*0|/usr/bin/lzegrep|92|41471|0|0|25|1646262387|1646261612|1646261612|1646261612|
*0|/usr/bin/sg_map|1005|33261|0|0|18584|1646261614|1646261614|1646261614|1646261614|
*0|/usr/bin/systemd-hwdb|1111|33261|0|0|109072|1646261614|1646261614|1646261614|1646261614|
*0|/usr/bin/pkexec|8240|35309|0|0|31032|1646261714|1646261714|1646261714|1646261714|
*0|/usr/bin/watch|1211|33261|0|0|27208|1646261614|1646261614|1646261614|1646261614|
*0|/usr/bin/h2ph|714|33261|0|0|29224|1646261613|1646261613|1646261613|1646261613|
*0|/usr/bin/lzma|96|41471|0|0|22|1646261692|1646261612|1646261612|1646261612|
*0|/usr/bin/stdbuf|1092|33261|0|0|51544|1646261614|1646261614|1646261614|1646261614|
*0|/usr/bin/hostid|720|33261|0|0|39256|1646261613|1646261613|1646261613|1646261613|
*0|/usr/bin/pr|906|33261|0|0|76216|1646261613|1646261613|1646261613|1646261613|
*0|/usr/bin/pwdx|924|33261|0|0|14568|1646261613|1646261613|1646261613|1646261613|
*0|/usr/bin/df|619|33261|0|0|93128|1646261612|1646261612|1646261612|1646261612|
*0|/usr/bin/podchecker|903|33261|0|0|3658|1646261613|1646261613|1646261613|1646261613|
*0|/usr/bin/dbxtool|604|33261|0|0|26928|1646261612|1646261612|1646261612|1646261612|
*0|/usr/bin/gpgcompose|696|33261|0|0|895272|1646261613|1646261613|1646261613|1646261613|
*0|/usr/bin/localedef|8362|33261|0|0|334808|1646261801|1646261722|1646261722|1646261722|
*0|/usr/bin/sensible-editor|977|33261|0|0|1169|1646261614|1646261614|1646261614|1646261614|
*0|/usr/bin/systemd-cat|1105|33261|0|0|18664|1646261614|1646261614|1646261614|1646261614|
*0|/usr/bin/gunzip|1171|33261|0|0|2346|1646261614|1646261614|1646261614|1646261614|
*0|/usr/bin/sort|1076|33261|0|0|117376|1646261637|1646261614|1646261614|1646261614|
*0|/usr/bin/flock|667|33261|0|0|35128|1646261613|1646261613|1646261613|1646261613|
*0|/usr/bin/clear|570|33261|0|0|14656|1646261612|1646261612|1646261612|1646261612|
*0|/usr/bin/infocmp|728|33261|0|0|63880|1646261613|1646261613|1646261613|1646261613|
*0|/usr/bin/cftp3|553|33261|0|0|380|1646261612|1646261612|1646261612|1646261612|
*0|/usr/bin/sudo|1097|35309|0|0|166056|1646261614|1646261614|1646261614|1646261614|
*0|/usr/bin/[|273|33261|0|0|59736|1646261612|1646261612|1646261612|1646261612|
*0|/usr/bin/byobu-enable|519|33261|0|0|1182|1646261612|1646261612|1646261612|1646261612|
*0|/usr/bin/ssh-copy-id|1088|33261|0|0|10658|1646261614|1646261614|1646261614|1646261614|
*0|/usr/bin/killall|751|33261|0|0|32024|1646261613|1646261613|1646261613|1646261613|
*0|/usr/bin/ntfsusermap|863|33261|0|0|39096|1646261613|1646261613|1646261613|1646261613|
*0|/usr/bin/byobu-layout|528|33261|0|0|3348|1646261612|1646261612|1646261612|1646261612|
*0|/usr/bin/sg|141|41471|0|0|6|1646262387|1646261612|1646261612|1646261612|
*0|/usr/bin/scsi_stop|971|33261|0|0|1474|1646261614|1646261614|1646261614|1646261614|
*0|/usr/bin/wdctl|1214|33261|0|0|35048|1646261614|1646261614|1646261614|1646261614|
*0|/usr/bin/nroff|844|33261|0|0|3293|1646261613|1646261613|1646261613|1646261613|
*0|/usr/bin/netkit-ftp|835|33261|0|0|109256|1646261613|1646261613|1646261613|1646261613|
*0|/usr/bin/sg_write_long|1051|33261|0|0|14952|1646261614|1646261614|1646261614|1646261614|
*0|/usr/bin/zegrep|1239|33261|0|0|29|1646261614|1646261614|1646261614|1646261614|
*0|/usr/bin/find|665|33261|0|0|320160|1646261637|1646261613|1646261613|1646261613|
*0|/usr/bin/dir|625|33261|0|0|142144|1646261612|1646261612|1646261612|1646261612|
*0|/usr/bin/vmware-vgauth-smoketest|1205|33261|0|0|22696|1646261614|1646261614|1646261614|1646261614|
*0|/usr/bin/gsettings|711|33261|0|0|31112|1646261613|1646261613|1646261613|1646261613|
*0|/usr/bin/patch|874|33261|0|0|195096|1646261613|1646261613|1646261613|1646261613|
*0|/usr/bin/aa-exec|409|33261|0|0|35344|1646261612|1646261612|1646261612|1646261612|
*0|/usr/bin/byobu-launcher|525|33261|0|0|1910|1646261612|1646261612|1646261612|1646261612|
*0|/usr/bin/xzmore|1233|33261|0|0|2161|1646261614|1646261614|1646261614|1646261614|
*0|/usr/bin/routef|946|33261|0|0|208|1646261613|1646261613|1646261613|1646261613|
*0|/usr/bin/gdbus|680|33261|0|0|51592|1646261637|1646261613|1646261613|1646261613|
*0|/usr/bin/grub-editenv|15546|33261|0|0|253968|1646261796|1646261642|1646261642|1646261642|
*0|/usr/bin/dash|595|33261|0|0|129816|1646261637|1646261612|1646261612|1646261612|
*0|/usr/bin/env|650|33261|0|0|43352|1646261664|1646261613|1646261613|1646261613|
*0|/usr/bin/netcat|102|41471|0|0|24|1646262387|1646261612|1646261612|1646261612|
*0|/usr/bin/infotocap|77|41471|0|0|3|1646262387|1646261612|1646261612|1646261612|
*0|/usr/bin/realpath|934|33261|0|0|51576|1646261671|1646261613|1646261613|1646261613|
*0|/usr/bin/systemd-notify|1116|33261|0|0|18664|1646261614|1646261614|1646261614|1646261614|
*0|/usr/bin/setupcon|990|33261|0|0|39233|1646261792|1646261614|1646261614|1646261614|
*0|/usr/bin/bzcmp|40|41471|0|0|6|1646262387|1646261612|1646261612|1646261612|
*0|/usr/bin/tabs|1124|33261|0|0|18744|1646261614|1646261614|1646261614|1646261614|
*0|/usr/bin/id|726|33261|0|0|47480|1646261664|1646261613|1646261613|1646261613|
*0|/usr/bin/systemd-socket-activate|1119|33261|0|0|26848|1646261614|1646261614|1646261614|1646261614|
*0|/usr/bin/sudoreplay|1098|33261|0|0|64512|1646261614|1646261614|1646261614|1646261614|
*0|/usr/bin/sum|1099|33261|0|0|47456|1646261614|1646261614|1646261614|1646261614|
*0|/usr/bin/pftp|110|41471|0|0|22|1646262387|1646261612|1646261612|1646261612|
*0|/usr/bin/tar|1127|33261|0|0|448112|1646261642|1646261614|1646261614|1646261614|
*0|/usr/bin/mcookie|811|33261|0|0|35120|1646261613|1646261613|1646261613|1646261613|
*0|/usr/bin/sg_copy_results|994|33261|0|0|23704|1646261614|1646261614|1646261614|1646261614|
*0|/usr/bin/tracepath|1146|33261|0|0|18584|1646261614|1646261614|1646261614|1646261614|
*0|/usr/bin/uuidgen|1188|33261|0|0|14568|1646261614|1646261614|1646261614|1646261614|
*0|/usr/bin/scsi_readcap|967|33261|0|0|1327|1646261614|1646261614|1646261614|1646261614|
*0|/usr/bin/btrfs|505|33261|0|0|819296|1646261671|1646261612|1646261612|1646261612|
*0|/usr/bin/sg_ses|1037|33261|0|0|122648|1646261614|1646261614|1646261614|1646261614|
*0|/usr/bin/fincore|664|33261|0|0|35096|1646261613|1646261613|1646261613|1646261613|
*0|/usr/bin/x86_64|166|41471|0|0|7|1646262387|1646261612|1646261612|1646261612|
*0|/usr/bin/snapfuse|8176|33261|0|0|43304|1646261716|1646261719|1646261719|1646261719|
*0|/usr/bin/systemctl|1102|33261|0|0|996584|1646261662|1646261614|1646261614|1646261614|
*0|/usr/bin/bzip2|544|33261|0|0|39144|1646261612|1646261612|1646261612|1646261612|
*0|/usr/bin/scp|960|33261|0|0|117040|1646261614|1646261614|1646261614|1646261614|
*0|/usr/bin/mknod|820|33261|0|0|72024|1646261613|1646261613|1646261613|1646261613|
*0|/usr/bin/byobu-status-detail|538|33261|0|0|1207|1646261612|1646261612|1646261612|1646261612|
*0|/usr/bin/nawk|100|41471|0|0|22|1646262387|1646261612|1646261612|1646261612|
*0|/usr/bin/xargs|1223|33261|0|0|76152|1646261671|1646261614|1646261614|1646261614|
*0|/usr/bin/systemd-tmpfiles|1122|33261|0|0|88480|1646261790|1646261614|1646261614|1646261614|
*0|/usr/bin/col8|53|41471|0|0|4|1646262387|1646261612|1646261612|1646261612|
*0|/usr/bin/sg_decode_sense|996|33261|0|0|23144|1646261614|1646261614|1646261614|1646261614|
*0|/usr/bin/pod2text|901|33261|0|0|10803|1646261613|1646261613|1646261613|1646261613|
*0|/usr/bin/zdump|8366|33261|0|0|26840|1646261722|1646261722|1646261722|1646261722|
*0|/usr/bin/basename|496|33261|0|0|39256|1646261642|1646261612|1646261612|1646261612|
*0|/usr/bin/vim|162|41471|0|0|21|1646262387|1646261612|1646261612|1646261612|
*0|/usr/bin/enc2xs|648|33261|0|0|42111|1646261613|1646261613|1646261613|1646261613|
*0|/usr/bin/slabtop|1071|33261|0|0|22768|1646261614|1646261614|1646261614|1646261614|
*0|/usr/bin/troff|1149|33261|0|0|753568|1646261614|1646261614|1646261614|1646261614|
*0|/usr/bin/byobu-keybindings|523|33261|0|0|1506|1646261612|1646261612|1646261612|1646261612|
*0|/usr/bin/echo|644|33261|0|0|39256|1646261637|1646261613|1646261613|1646261613|
*0|/usr/bin/sbkeysync|955|33261|0|0|68144|1646261613|1646261613|1646261613|1646261613|
*0|/usr/bin/skill|1070|33261|0|0|30952|1646261614|1646261614|1646261614|1646261614|
*0|/usr/bin/paste|872|33261|0|0|43384|1646261685|1646261613|1646261613|1646261613|
*0|/usr/bin/byobu-quiet|530|33261|0|0|1410|1646261612|1646261612|1646261612|1646261612|
*0|/usr/bin/expand|653|33261|0|0|43384|1646261613|1646261613|1646261613|1646261613|
*0|/usr/bin/red|935|33261|0|0|89|1646261613|1646261613|1646261613|1646261613|
*0|/usr/bin/boltctl|501|33261|0|0|146096|1646261612|1646261612|1646261612|1646261612|
*0|/usr/bin/sgm_dd|1058|33261|0|0|34976|1646261614|1646261614|1646261614|1646261614|
*0|/usr/bin/sdiff|973|33261|0|0|51296|1646261614|1646261614|1646261614|1646261614|
*0|/usr/bin/ntfsdecrypt|854|33261|0|0|51480|1646261613|1646261613|1646261613|1646261613|
*0|/usr/bin/nstat|847|33261|0|0|80112|1646261613|1646261613|1646261613|1646261613|
*0|/usr/bin/tkconch3|1138|33261|0|0|386|1646261614|1646261614|1646261614|1646261614|
*0|/usr/bin/byobu-enable-prompt|520|33261|0|0|1453|1646261612|1646261612|1646261612|1646261612|
*0|/usr/bin/btrfs-convert|506|33261|0|0|466464|1646261612|1646261612|1646261612|1646261612|
*0|/usr/bin/screen|961|33261|0|0|474280|1646261614|1646261614|1646261614|1646261614|
*0|/usr/bin/infobrowser|76|41471|0|0|29|1646262387|1646261612|1646261612|1646261612|
*0|/usr/bin/sg_rmsn|1026|33261|0|0|14696|1646261614|1646261614|1646261614|1646261614|
*0|/usr/bin/savelog|953|33261|0|0|10481|1646261801|1646261613|1646261613|1646261613|
*0|/usr/bin/lzless|95|41471|0|0|24|1646262387|1646261612|1646261612|1646261612|
*0|/usr/bin/on_ac_power|104|41471|0|0|17|1646262387|1646261612|1646261612|1646261612|
*0|/usr/bin/ischroot|737|33261|0|0|14536|1646261674|1646261613|1646261613|1646261613|
*0|/usr/bin/byobu-launcher-install|526|33261|0|0|2459|1646261612|1646261612|1646261612|1646261612|
*0|/usr/bin/vigpg|1192|33261|0|0|2640|1646261614|1646261614|1646261614|1646261614|
*0|/usr/bin/sg_scan|1034|33261|0|0|18592|1646261614|1646261614|1646261614|1646261614|
*0|/usr/bin/whereis|1217|33261|0|0|35496|1646261614|1646261614|1646261614|1646261614|
*0|/usr/bin/sg_xcopy|1055|33261|0|0|43176|1646261614|1646261614|1646261614|1646261614|
*0|/usr/bin/egrep|646|33261|0|0|28|1646261642|1646261613|1646261613|1646261613|
*0|/usr/bin/ex|62|41471|0|0|20|1646262387|1646261612|1646261612|1646261612|
*0|/usr/bin/grub-mkimage|15553|33261|0|0|357328|1646261642|1646261642|1646261642|1646261642|
*0|/usr/bin/byobu-tmux|39|41471|0|0|5|1646262387|1646261612|1646261612|1646261612|
*0|/usr/bin/gpgsm|699|33261|0|0|519416|1646261613|1646261613|1646261613|1646261613|
*0|/usr/bin/install|729|33261|0|0|158112|1646261613|1646261613|1646261613|1646261613|
*0|/usr/bin/vmtoolsd|1198|33261|0|0|63904|1646261793|1646261614|1646261614|1646261614|
*0|/usr/bin/more|823|33261|0|0|43160|1646261613|1646261613|1646261613|1646261613|
*0|/usr/bin/users|1186|33261|0|0|39256|1646261614|1646261614|1646261614|1646261614|
*0|/usr/bin/routel|947|33261|0|0|1656|1646261613|1646261613|1646261613|1646261613|
*0|/usr/bin/iscsiadm|79|41471|0|0|14|1646262387|1646261612|1646261612|1646261612|
*0|/usr/bin/ctstat|56|41471|0|0|6|1646262387|1646261612|1646261612|1646261612|
*0|/usr/bin/run-one|950|33261|0|0|3592|1646261613|1646261613|1646261613|1646261613|
*0|/usr/bin/ypdomainname|171|41471|0|0|8|1646262387|1646261612|1646261612|1646261612|
*0|/usr/bin/lzfgrep|93|41471|0|0|25|1646262387|1646261612|1646261612|1646261612|
*0|/usr/bin/column|581|33261|0|0|14504|1646261612|1646261612|1646261612|1646261612|
*0|/usr/bin/sginfo|1057|33261|0|0|73576|1646261614|1646261614|1646261614|1646261614|
*0|/usr/bin/symcryptrun|1100|33261|0|0|125984|1646261614|1646261614|1646261614|1646261614|
*0|/usr/bin/rtstat|133|41471|0|0|6|1646262387|1646261612|1646261612|1646261612|
*0|/usr/bin/run-this-one|137|41471|0|0|7|1646262387|1646261612|1646261612|1646261612|
*0|/usr/bin/compose|55|41471|0|0|11|1646262387|1646261612|1646261612|1646261612|
*0|/usr/bin/dbus-uuidgen|603|33261|0|0|14480|1646261612|1646261612|1646261612|1646261612|
*0|/usr/bin/dbus-run-session|600|33261|0|0|14480|1646261612|1646261612|1646261612|1646261612|
*0|/usr/bin/apt-config|483|33261|0|0|27016|1646261637|1646261612|1646261612|1646261612|
*0|/usr/bin/lsns|795|33261|0|0|51440|1646261613|1646261613|1646261613|1646261613|
*0|/usr/bin/dpkg-query|636|33261|0|0|166488|1646261636|1646261612|1646261612|1646261612|
*0|/usr/bin/iptables-xml|78|41471|0|0|28|1646262387|1646261612|1646261612|1646261612|
*0|/usr/bin/dnsdomainname|58|41471|0|0|8|1646262387|1646261612|1646261612|1646261612|
*0|/usr/bin/pstree.x11|121|41471|0|0|6|1646262387|1646261612|1646261612|1646261612|
*0|/usr/bin/mktemp|822|33261|0|0|47448|1646261637|1646261613|1646261613|1646261613|
*0|/usr/bin/vmware-hgfsclient|1200|33261|0|0|14560|1646261614|1646261614|1646261614|1646261614|
*0|/usr/bin/ucf|1161|33261|0|0|40685|1646261664|1646261614|1646261614|1646261614|
*0|/usr/bin/chcon|557|33261|0|0|72024|1646261612|1646261612|1646261612|1646261612|
*0|/usr/bin/sos-collector|1078|33261|0|0|1065|1646261614|1646261614|1646261614|1646261614|
*0|/usr/bin/unexpand|1172|33261|0|0|43384|1646261614|1646261614|1646261614|1646261614|
*0|/usr/bin/at|491|36333|1|1|55560|1646261612|1646261612|1646261612|1646261612|
*0|/usr/bin/rev|942|33261|0|0|14568|1646261613|1646261613|1646261613|1646261613|
*0|/usr/bin/ipcs|736|33261|0|0|67816|1646261613|1646261613|1646261613|1646261613|
*0|/usr/bin/ctail|591|33261|0|0|960|1646261612|1646261612|1646261612|1646261612|
*0|/usr/bin/top|1142|33261|0|0|129072|1646261614|1646261614|1646261614|1646261614|
*0|/usr/bin/sha1sum|1060|33261|0|0|51576|1646261683|1646261614|1646261614|1646261614|
*0|/usr/bin/gzexe|712|33261|0|0|6376|1646261613|1646261613|1646261613|1646261613|
*0|/usr/bin/perldoc|880|33261|0|0|125|1646261613|1646261613|1646261613|1646261613|
*0|/usr/bin/fwupdagent|673|33261|0|0|76080|1646261613|1646261613|1646261613|1646261613|
*0|/usr/bin/vdir|1191|33261|0|0|142144|1646261614|1646261614|1646261614|1646261614|
*0|/usr/bin/pgrep|883|33261|0|0|30968|1646261613|1646261613|1646261613|1646261613|
*0|/usr/bin/geqn|65|41471|0|0|3|1646262387|1646261612|1646261612|1646261612|
*0|/usr/bin/podselect|904|33261|0|0|2527|1646261613|1646261613|1646261613|1646261613|
*0|/usr/bin/sg_reset_wp|1025|33261|0|0|14792|1646261614|1646261614|1646261614|1646261614|
*0|/usr/bin/tmux|1140|33261|0|0|692192|1646261614|1646261614|1646261614|1646261614|
*0|/usr/bin/col3|48|41471|0|0|4|1646262387|1646261612|1646261612|1646261612|
*0|/usr/bin/renice|937|33261|0|0|14568|1646261613|1646261613|1646261613|1646261613|
*0|/usr/bin/login|778|33261|0|0|57104|1646261809|1646261613|1646261613|1646261613|
*0|/usr/bin/gawk|679|33261|0|0|711136|1646261664|1646261613|1646261613|1646261613|
*0|/usr/bin/vmware-namespace-cmd|1201|33261|0|0|22680|1646261614|1646261614|1646261614|1646261614|
*0|/usr/bin/mapscrn|809|33261|0|0|26760|1646261613|1646261613|1646261613|1646261613|
*0|/usr/bin/sg_sanitize|1029|33261|0|0|27496|1646261614|1646261614|1646261614|1646261614|
*0|/usr/bin/ntfsfallocate|855|33261|0|0|39184|1646261613|1646261613|1646261613|1646261613|
*0|/usr/bin/dig|624|33261|0|0|138032|1646261612|1646261612|1646261612|1646261612|
*0|/usr/bin/snice|145|41471|0|0|5|1646262387|1646261612|1646261612|1646261612|
*0|/usr/bin/xauth|1224|33261|0|0|56288|1646261614|1646261614|1646261614|1646261614|
*0|/usr/bin/pico|111|41471|0|0|22|1646262387|1646261612|1646261612|1646261612|
*0|/usr/bin/oem-getlogs|867|33261|0|0|8573|1646261613|1646261613|1646261613|1646261613|
*0|/usr/bin/sg_persist|1009|33261|0|0|36792|1646261614|1646261614|1646261614|1646261614|
*0|/usr/bin/rnano|130|41471|0|0|4|1646262387|1646261612|1646261612|1646261612|
*0|/usr/bin/byobu-shell|535|33261|0|0|1600|1646261612|1646261612|1646261612|1646261612|
*0|/usr/bin/man-recode|805|33261|0|0|27544|1646261613|1646261613|1646261613|1646261613|
*0|/usr/bin/sg_read_buffer|1017|33261|0|0|27464|1646261614|1646261614|1646261614|1646261614|
*0|/usr/bin/zdiff|1237|33261|0|0|5880|1646261614|1646261614|1646261614|1646261614|
*0|/usr/bin/zfgrep|1240|33261|0|0|29|1646261614|1646261614|1646261614|1646261614|
*0|/usr/bin/jsondiff|80|41471|0|0|26|1646262387|1646261612|1646261612|1646261612|
*0|/usr/bin/rlogin|129|41471|0|0|24|1646262387|1646261612|1646261612|1646261612|
*0|/usr/bin/lastb|82|41471|0|0|4|1646262387|1646261612|1646261612|1646261612|
*0|/usr/bin/watchgnupg|1212|33261|0|0|18744|1646261614|1646261614|1646261614|1646261614|
*0|/usr/bin/systemd-stdio-bridge|1120|33261|0|0|22760|1646261614|1646261614|1646261614|1646261614|
*0|/usr/bin/gtbl|73|41471|0|0|3|1646262387|1646261612|1646261612|1646261612|
*0|/usr/bin/psfaddtable|118|41471|0|0|9|1646262387|1646261612|1646261612|1646261612|
*0|/usr/bin/colcrt|579|33261|0|0|14488|1646261612|1646261612|1646261612|1646261612|
*0|/usr/bin/h2xs|715|33261|0|0|60866|1646261613|1646261613|1646261613|1646261613|
*0|/usr/bin/unlink|1176|33261|0|0|39256|1646261614|1646261614|1646261614|1646261614|
*0|/usr/bin/fgconsole|660|33261|0|0|14408|1646261613|1646261613|1646261613|1646261613|
*0|/usr/bin/lzmainfo|802|33261|0|0|14568|1646261613|1646261613|1646261613|1646261613|
*0|/usr/bin/sleep|1072|33261|0|0|39256|1646261614|1646261614|1646261614|1646261614|
*0|/usr/bin/ssh-argv0|1087|33261|0|0|1455|1646261614|1646261614|1646261614|1646261614|
*0|/usr/bin/sg_emc_trespass|997|33261|0|0|14488|1646261614|1646261614|1646261614|1646261614|
*0|/usr/bin/btrfs-find-root|507|33261|0|0|433760|1646261612|1646261612|1646261612|1646261612|
*0|/usr/bin/numfmt|865|33261|0|0|67992|1646261613|1646261613|1646261613|1646261613|
*0|/usr/bin/setlogcons|984|33261|0|0|14408|1646261614|1646261614|1646261614|1646261614|
*0|/usr/bin/strace-log-merge|1094|33261|0|0|1821|1646261614|1646261614|1646261614|1646261614|
*0|/usr/bin/lzcmp|90|41471|0|0|23|1646262387|1646261612|1646261612|1646261612|
*0|/usr/bin/miniterm|816|33261|0|0|35098|1646261613|1646261613|1646261613|1646261613|
*0|/usr/bin/lexgrog|763|33261|0|0|101320|1646261613|1646261613|1646261613|1646261613|
*0|/usr/bin/rsh|132|41471|0|0|21|1646262387|1646261612|1646261612|1646261612|
*0|/usr/bin/psfstriptable|120|41471|0|0|9|1646262387|1646261612|1646261612|1646261612|
*0|/usr/bin/grub-ntldr-img|15606|41471|0|0|34|1646262387|1646261642|1646261642|1646261642|
*0|/usr/bin/networkctl|836|33261|0|0|76008|1646261796|1646261613|1646261613|1646261613|
*0|/usr/bin/gpgv|702|33261|0|0|457880|1646261637|1646261613|1646261613|1646261613|
*0|/usr/bin/link|765|33261|0|0|39256|1646261613|1646261613|1646261613|1646261613|
*0|/usr/bin/wget|1215|33261|0|0|544472|1646261614|1646261614|1646261614|1646261614|
*0|/usr/bin/debconf-escape|613|33261|0|0|647|1646261612|1646261612|1646261612|1646261612|
*0|/usr/bin/stty|1095|33261|0|0|84344|1646261792|1646261614|1646261614|1646261614|
*0|/usr/bin/grub-glue-efi|15549|33261|0|0|249712|1646261642|1646261642|1646261642|1646261642|
*0|/usr/bin/pbput|876|33261|0|0|2569|1646261613|1646261613|1646261613|1646261613|
*0|/usr/bin/bzmore|546|33261|0|0|1297|1646261612|1646261612|1646261612|1646261612|
*0|/usr/bin/apport-unpack|478|33261|0|0|2068|1646261612|1646261612|1646261612|1646261612|
*0|/usr/bin/xzcmp|168|41471|0|0|6|1646262387|1646261612|1646261612|1646261612|
*0|/usr/bin/sbsign|957|33261|0|0|59792|1646261613|1646261613|1646261613|1646261613|
*0|/usr/bin/debconf-apt-progress|610|33261|0|0|11541|1646261612|1646261612|1646261612|1646261612|
*0|/usr/bin/usbhid-dump|1184|33261|0|0|31112|1646261614|1646261614|1646261614|1646261614|
*0|/usr/bin/pbputs|107|41471|0|0|5|1646262387|1646261612|1646261612|1646261612|
*0|/usr/bin/sbverify|959|33261|0|0|63824|1646261613|1646261613|1646261613|1646261613|
*0|/usr/bin/rsync|948|33261|0|0|504472|1646261613|1646261613|1646261613|1646261613|
*0|/usr/bin/sha512sum|1064|33261|0|0|67960|1646261674|1646261614|1646261614|1646261614|
*0|/usr/bin/libnetcfg|764|33261|0|0|15775|1646261613|1646261613|1646261613|1646261613|
*0|/usr/bin/grub-mkrescue|15558|33261|0|0|977200|1646261642|1646261642|1646261642|1646261642|
*0|/usr/bin/stat|1091|33261|0|0|88440|1646261664|1646261614|1646261614|1646261614|
*0|/usr/bin/sg_start|1039|33261|0|0|19144|1646261614|1646261614|1646261614|1646261614|
*0|/usr/bin/col5|50|41471|0|0|4|1646262387|1646261612|1646261612|1646261612|
*0|/usr/bin/ntfsls|858|33261|0|0|36184|1646261613|1646261613|1646261613|1646261613|
*0|/usr/bin/ntfstruncate|862|33261|0|0|43200|1646261613|1646261613|1646261613|1646261613|
*0|/usr/bin/curl|592|33261|0|0|239848|1646261796|1646261612|1646261612|1646261612|
*0|/usr/bin/logname|780|33261|0|0|39256|1646261613|1646261613|1646261613|1646261613|
*0|/usr/bin/sg_inq|1002|33261|0|0|126456|1646261674|1646261614|1646261614|1646261614|
*0|/usr/bin/unlz4|157|41471|0|0|3|1646262387|1646261612|1646261612|1646261612|
*0|/usr/bin/helpztags|717|33261|0|0|2514|1646261613|1646261613|1646261613|1646261613|
*0|/usr/bin/uuidparse|1189|33261|0|0|39144|1646261614|1646261614|1646261614|1646261614|
*0|/usr/bin/aa-enabled|397|33261|0|0|31248|1646261720|1646261612|1646261612|1646261612|
*0|/usr/bin/rview|138|41471|0|0|23|1646262387|1646261612|1646261612|1646261612|
*0|/usr/bin/colrm|580|33261|0|0|14488|1646261612|1646261612|1646261612|1646261612|
*0|/usr/bin/hexdump|718|33261|0|0|35072|1646261613|1646261613|1646261613|1646261613|
*0|/usr/bin/i386|75|41471|0|0|7|1646262387|1646261612|1646261612|1646261612|
*0|/usr/bin/systemd-sysusers|1121|33261|0|0|55824|1646261790|1646261614|1646261614|1646261614|
*0|/usr/bin/perlbug|882|33261|0|0|46366|1646261613|1646261613|1646261613|1646261613|
*0|/usr/bin/grog|706|33261|0|0|2776|1646261613|1646261613|1646261613|1646261613|
*0|/usr/bin/lcf|757|33261|0|0|7786|1646261613|1646261613|1646261613|1646261613|
*0|/usr/bin/byobu-config|515|33261|0|0|996|1646261612|1646261612|1646261612|1646261612|
*0|/usr/bin/delv|618|33261|0|0|49552|1646261612|1646261612|1646261612|1646261612|
*0|/usr/bin/apt-key|487|33261|0|0|27931|1646261637|1646261612|1646261612|1646261612|
*0|/usr/bin/seq|979|33261|0|0|51544|1646261664|1646261614|1646261614|1646261614|
*0|/usr/bin/volname|1208|33261|0|0|14488|1646261614|1646261614|1646261614|1646261614|
*0|/usr/bin/script|963|33261|0|0|55528|1646261614|1646261614|1646261614|1646261614|
*0|/usr/bin/peekfd|877|33261|0|0|14488|1646261613|1646261613|1646261613|1646261613|
*0|/usr/bin/taskset|1128|33261|0|0|35048|1646261614|1646261614|1646261614|1646261614|
*0|/usr/bin/pydoc3.8|927|33261|0|0|79|1646261613|1646261613|1646261613|1646261613|
*0|/usr/bin/captoinfo|45|41471|0|0|3|1646262387|1646261612|1646261612|1646261612|
*0|/usr/bin/kill|750|33261|0|0|30952|1646261613|1646261613|1646261613|1646261613|
*0|/usr/bin/sgp_dd|1059|33261|0|0|43176|1646261614|1646261614|1646261614|1646261614|
*0|/usr/bin/fallocate|658|33261|0|0|35048|1646261613|1646261613|1646261613|1646261613|
*0|/usr/bin/git|688|33261|0|0|3093072|1646261613|1646261613|1646261613|1646261613|
*0|/usr/bin/sg_sat_identify|1030|33261|0|0|23112|1646261614|1646261614|1646261614|1646261614|
*0|/usr/bin/jsonpatch-jsondiff|742|33261|0|0|1004|1646261613|1646261613|1646261613|1646261613|
*0|/usr/bin/lz4cat|88|41471|0|0|3|1646262387|1646261612|1646261612|1646261612|
*0|/usr/bin/grub-mkrelpath|15557|33261|0|0|245328|1646261685|1646261642|1646261642|1646261642|
*0|/usr/bin/diff|622|33261|0|0|219480|1646261612|1646261612|1646261612|1646261612|
*0|/usr/bin/lsmem|794|33261|0|0|67816|1646261613|1646261613|1646261613|1646261613|
*0|/usr/bin/fwupdate|674|33261|0|0|72200|1646261613|1646261613|1646261613|1646261613|
*0|/usr/bin/byobu-screen|38|41471|0|0|5|1646262387|1646261612|1646261612|1646261612|
*0|/usr/bin/dbus-monitor|599|33261|0|0|30864|1646261612|1646261612|1646261612|1646261612|
*0|/usr/bin/vi|160|41471|0|0|20|1646262387|1646261612|1646261612|1646261612|
*0|/usr/bin/chfn|559|35309|0|0|85064|1646261662|1646261612|1646261612|1646261612|
*0|/usr/bin/sg_read_long|1018|33261|0|0|14888|1646261614|1646261614|1646261614|1646261614|
*0|/usr/bin/zforce|1241|33261|0|0|2081|1646261614|1646261614|1646261614|1646261614|
*0|/usr/bin/catman|551|33261|0|0|39616|1646261612|1646261612|1646261612|1646261612|
*0|/usr/bin/nisdomainname|103|41471|0|0|8|1646262387|1646261612|1646261612|1646261612|
*0|/usr/bin/zgrep|1242|33261|0|0|7585|1646261614|1646261614|1646261614|1646261614|
*0|/usr/bin/sha256sum|1062|33261|0|0|59768|1646261614|1646261614|1646261614|1646261614|
*0|/usr/bin/byobu-export|521|33261|0|0|1351|1646261612|1646261612|1646261612|1646261612|
*0|/usr/bin/rmdir|945|33261|0|0|47448|1646261714|1646261613|1646261613|1646261613|
*0|/usr/bin/ss|1083|33261|0|0|168800|1646261614|1646261614|1646261614|1646261614|
*0|/usr/bin/grub-mount|15560|33261|0|0|746288|1646261642|1646261642|1646261642|1646261642|
*0|/usr/bin/cpan5.30-x86_64-linux-gnu|587|33261|0|0|8176|1646261612|1646261612|1646261612|1646261612|
*0|/usr/bin/setsid|988|33261|0|0|14568|1646261614|1646261614|1646261614|1646261614|
*0|/usr/bin/install-info|730|33261|0|0|118008|1646261664|1646261613|1646261613|1646261613|
*0|/usr/bin/expiry|654|34285|0|42|31312|1646261613|1646261613|1646261613|1646261613|
*0|/usr/bin/ssh-import-id-gh|15604|33261|0|0|785|1646261688|1646261689|1646261689|1646261689|
*0|/usr/bin/sg_sync|1042|33261|0|0|14856|1646261614|1646261614|1646261614|1646261614|
*0|/usr/bin/fwupdtpmevlog|677|33261|0|0|22912|1646261613|1646261613|1646261613|1646261613|
*0|/usr/bin/lsb_release|786|33261|0|0|3638|1646261636|1646261613|1646261613|1646261613|
*0|/usr/bin/look|781|33261|0|0|14728|1646261613|1646261613|1646261613|1646261613|
*0|/usr/bin/whoami|1221|33261|0|0|39256|1646261614|1646261614|1646261614|1646261614|
*0|/usr/bin/sg_write_verify|1053|33261|0|0|23176|1646261614|1646261614|1646261614|1646261614|
*0|/usr/bin/vim.tiny|1194|33261|0|0|1349848|1646261614|1646261614|1646261614|1646261614|
*0|/usr/bin/readlink|933|33261|0|0|51544|1646261637|1646261613|1646261613|1646261613|
*0|/usr/bin/neqn|834|33261|0|0|913|1646261613|1646261613|1646261613|1646261613|
*0|/usr/bin/jsonschema|744|33261|0|0|397|1646261613|1646261613|1646261613|1646261613|
*0|/usr/bin/last|755|33261|0|0|47336|1646261849|1646261613|1646261613|1646261613|
*0|/usr/bin/ps|914|33261|0|0|137688|1646261849|1646261613|1646261613|1646261613|
*0|/usr/bin/kbdinfo|746|33261|0|0|14408|1646261613|1646261613|1646261613|1646261613|
*0|/usr/bin/openssl|868|33261|0|0|753336|1646261613|1646261613|1646261613|1646261613|
*0|/usr/bin/col2|47|41471|0|0|4|1646262387|1646261612|1646261612|1646261612|
*0|/usr/bin/whiptail|1219|33261|0|0|34984|1646261614|1646261614|1646261614|1646261614|
*0|/usr/bin/ping|887|33261|0|0|72776|1646261613|1646261613|1646261613|1646261613|
*0|/usr/bin/manpath|808|33261|0|0|39632|1646261613|1646261613|1646261613|1646261613|
*0|/usr/bin/gpic|72|41471|0|0|3|1646262387|1646261612|1646261612|1646261612|
*0|/usr/bin/pkcheck|8236|33261|0|0|22912|1646261714|1646261714|1646261714|1646261714|
*0|/usr/bin/check-language-support|558|33261|0|0|2771|1646261612|1646261612|1646261612|1646261612|
*0|/usr/bin/tic|1134|33261|0|0|92584|1646261614|1646261614|1646261614|1646261614|
*0|/usr/bin/apt-cache|481|33261|0|0|88536|1646261612|1646261612|1646261612|1646261612|
*0|/usr/bin/ec2metadata|643|33261|0|0|7295|1646261613|1646261613|1646261613|1646261613|
*0|/usr/bin/conch3|583|33261|0|0|382|1646261612|1646261612|1646261612|1646261612|
*0|/usr/bin/gio-querymodules|67|41471|0|0|49|1646262387|1646261612|1646261612|1646261612|
*0|/usr/bin/bsd-from|503|33261|0|0|14488|1646261612|1646261612|1646261612|1646261612|
*0|/usr/bin/xsubpp|1227|33261|0|0|5164|1646261614|1646261614|1646261614|1646261614|
*0|/usr/bin/VGAuthService|175|33261|0|0|141696|1646261793|1646261612|1646261612|1646261612|
*0|/usr/bin/hostnamectl|722|33261|0|0|26848|1646261613|1646261613|1646261613|1646261613|
*0|/usr/bin/encguess|649|33261|0|0|3066|1646261613|1646261613|1646261613|1646261613|
*0|/usr/bin/ftp|64|41471|0|0|21|1646262387|1646261612|1646261612|1646261612|
*0|/usr/bin/pathchk|875|33261|0|0|39256|1646261613|1646261613|1646261613|1646261613|
*0|/usr/bin/ntfsmove|859|33261|0|0|39176|1646261613|1646261613|1646261613|1646261613|
*0|/usr/bin/setterm|989|33261|0|0|47336|1646261614|1646261614|1646261614|1646261614|
*0|/usr/bin/lsof|796|33261|0|0|175744|1646261613|1646261613|1646261613|1646261613|
*0|/usr/bin/dbus-update-activation-environment|602|33261|0|0|14480|1646261612|1646261612|1646261612|1646261612|
*0|/usr/bin/clear_console|571|33261|0|0|14568|1646261612|1646261612|1646261612|1646261612|
*0|/usr/bin/resizepart|940|33261|0|0|63720|1646261613|1646261613|1646261613|1646261613|
*0|/usr/bin/systemd-machine-id-setup|1114|33261|0|0|26952|1646261614|1646261614|1646261614|1646261614|
*0|/usr/bin/chmod|561|33261|0|0|63864|1646261637|1646261612|1646261612|1646261612|
*0|/usr/bin/mailmail3|803|33261|0|0|388|1646261613|1646261613|1646261613|1646261613|
*0|/usr/bin/bootctl|502|33261|0|0|63840|1646261612|1646261612|1646261612|1646261612|
*0|/usr/bin/kernel-install|748|33261|0|0|5191|1646261613|1646261613|1646261613|1646261613|
*0|/usr/bin/prove|912|33261|0|0|13655|1646261613|1646261613|1646261613|1646261613|
*0|/usr/bin/ssh-import-id-lp|15611|33261|0|0|785|1646261688|1646261689|1646261689|1646261689|
*0|/usr/bin/see|140|41471|0|0|11|1646262387|1646261612|1646261612|1646261612|
*0|/usr/bin/lspci|797|33261|0|0|94160|1646261613|1646261613|1646261613|1646261613|
*0|/usr/bin/rescan-scsi-bus.sh|938|33261|0|0|39064|1646261613|1646261613|1646261613|1646261613|
*0|/usr/bin/do-release-upgrade|631|33261|0|0|9314|1646261811|1646261612|1646261612|1646261612|
*0|/usr/bin/soelim|1075|33261|0|0|47624|1646261614|1646261614|1646261614|1646261614|
*0|/usr/bin/tail|1126|33261|0|0|72088|1646261685|1646261614|1646261614|1646261614|
*0|/usr/bin/sg_unmap|1046|33261|0|0|23144|1646261614|1646261614|1646261614|1646261614|
*0|/usr/bin/locale-check|774|33261|0|0|14496|1646261811|1646261613|1646261613|1646261613|
*0|/usr/bin/btrfsck|37|41471|0|0|5|1646262387|1646261612|1646261612|1646261612|
*0|/usr/bin/sg_sat_phy_event|1031|33261|0|0|19304|1646261614|1646261614|1646261614|1646261614|
*0|/usr/bin/ls|784|33261|0|0|142144|1646261660|1646261613|1646261613|1646261613|
*0|/usr/bin/prlimit|911|33261|0|0|39672|1646261613|1646261613|1646261613|1646261613|
*0|/usr/bin/unxz|159|41471|0|0|2|1646262387|1646261612|1646261612|1646261612|
*0|/usr/bin/byobu-launcher-uninstall|527|33261|0|0|1561|1646261612|1646261612|1646261612|1646261612|
*0|/usr/bin/sg_write_x|1054|33261|0|0|56776|1646261614|1646261614|1646261614|1646261614|
*0|/usr/bin/cksum|569|33261|0|0|39256|1646261612|1646261612|1646261612|1646261612|
*0|/usr/bin/upower|15723|33261|0|0|22680|1646261642|1646261660|1646261660|1646261660|
*0|/usr/bin/lowntfs-3g|783|33261|0|0|121712|1646261613|1646261613|1646261613|1646261613|
*0|/usr/bin/uncompress|1171|33261|0|0|2346|1646261614|1646261614|1646261614|1646261614|
*0|/usr/bin/select-editor|975|33261|0|0|2442|1646261614|1646261614|1646261614|1646261614|
*0|/usr/bin/tput|1144|33261|0|0|26968|1646261614|1646261614|1646261614|1646261614|
*0|/usr/bin/gpgparsemail|698|33261|0|0|35200|1646261613|1646261613|1646261613|1646261613|
*0|/usr/bin/systemd|148|41471|0|0|20|1646262387|1646261612|1646261612|1646261612|
*0|/usr/bin/zless|1244|33261|0|0|2206|1646261614|1646261614|1646261614|1646261614|
*0|/usr/bin/byobu-select-session|534|33261|0|0|1012|1646261612|1646261612|1646261612|1646261612|
*0|/usr/bin/gpgsplit|700|33261|0|0|88840|1646261613|1646261613|1646261613|1646261613|
*0|/usr/bin/apt-add-repository|33|41471|0|0|18|1646262387|1646261612|1646261612|1646261612|
*0|/usr/bin/pod2man|900|33261|0|0|15034|1646261613|1646261613|1646261613|1646261613|
*0|/usr/bin/dirmngr-client|628|33261|0|0|121920|1646261612|1646261612|1646261612|1646261612|
*0|/usr/bin/debian-distro-info|616|33261|0|0|23440|1646261612|1646261612|1646261612|1646261612|
*0|/usr/bin/ckeygen3|568|33261|0|0|386|1646261612|1646261612|1646261612|1646261612|
*0|/usr/bin/systemd-cgtop|1107|33261|0|0|39160|1646261614|1646261614|1646261614|1646261614|
*0|/usr/bin/od|866|33261|0|0|72056|1646261712|1646261613|1646261613|1646261613|
*0|/usr/bin/pygettext3|124|41471|0|0|12|1646262387|1646261612|1646261612|1646261612|
*0|/usr/bin/add-apt-repository|474|33261|0|0|7415|1646261612|1646261612|1646261612|1646261612|
*0|/usr/bin/setkeycodes|982|33261|0|0|14408|1646261614|1646261614|1646261614|1646261614|
*0|/usr/bin/apt-sortpkgs|489|33261|0|0|47504|1646261612|1646261612|1646261612|1646261612|
*0|/usr/bin/byobu-select-profile|533|33261|0|0|5123|1646261612|1646261612|1646261612|1646261612|
*0|/usr/bin/xz|1229|33261|0|0|80384|1646261614|1646261614|1646261614|1646261614|
*0|/usr/bin/NF|30|41471|0|0|4|1646262387|1646261612|1646261612|1646261612|
*0|/usr/bin/lastlog|756|33261|0|0|32416|1646261613|1646261613|1646261613|1646261613|
*0|/usr/bin/sg_read|1014|33261|0|0|26784|1646261614|1646261614|1646261614|1646261614|
*0|/usr/bin/btrfs-map-logical|509|33261|0|0|441888|1646261612|1646261612|1646261612|1646261612|
*0|/usr/bin/scsi_mandat|966|33261|0|0|3602|1646261614|1646261614|1646261614|1646261614|
*0|/usr/bin/dircolors|626|33261|0|0|47456|1646261811|1646261612|1646261612|1646261612|
*0|/usr/bin/perlivp|881|33261|0|0|10864|1646261613|1646261613|1646261613|1646261613|
*0|/usr/bin/grub-script-check|15562|33261|0|0|278224|1646261685|1646261642|1646261642|1646261642|
*0|/usr/bin/dbus-daemon|598|33261|0|0|249032|1646261796|1646261612|1646261612|1646261612|
*0|/usr/bin/ntfscmp|853|33261|0|0|39176|1646261613|1646261613|1646261613|1646261613|
*0|/usr/bin/migrate-pubring-from-classic-gpg|815|33261|0|0|3060|1646261613|1646261613|1646261613|1646261613|
*0|/usr/bin/kmodsign|753|33261|0|0|14472|1646261613|1646261613|1646261613|1646261613|
*0|/usr/bin/lessecho|760|33261|0|0|14656|1646261613|1646261613|1646261613|1646261613|
*0|/usr/bin/eqn|652|33261|0|0|206336|1646261613|1646261613|1646261613|1646261613|
*0|/usr/bin/kmod|752|33261|0|0|174424|1646261660|1646261613|1646261613|1646261613|
*0|/usr/bin/lesskey|761|33261|0|0|24288|1646261613|1646261613|1646261613|1646261613|
*0|/usr/bin/traceroute6.iputils|1147|33261|0|0|26776|1646261614|1646261614|1646261614|1646261614|
*0|/usr/bin/cloud-init-per|574|33261|0|0|2108|1646261612|1646261612|1646261612|1646261612|
*0|/usr/bin/sg_prevent|1010|33261|0|0|14696|1646261614|1646261614|1646261614|1646261614|
*0|/usr/bin/catchsegv|8033|33261|0|0|3330|1646261722|1646261722|1646261722|1646261722|
*0|/usr/bin/test|1133|33261|0|0|55640|1646261637|1646261614|1646261614|1646261614|
*0|/usr/bin/systemd-path|1117|33261|0|0|18656|1646261614|1646261614|1646261614|1646261614|
*0|/usr/bin/apt-ftparchive|485|33261|0|0|281056|1646261612|1646261612|1646261612|1646261612|
*0|/usr/bin/grops|707|33261|0|0|186304|1646261613|1646261613|1646261613|1646261613|
*0|/usr/bin/dpkg-split|637|33261|0|0|125424|1646261642|1646261612|1646261612|1646261612|
*0|/usr/bin/sha224sum|1061|33261|0|0|59768|1646261614|1646261614|1646261614|1646261614|
*0|/usr/bin/nc|101|41471|0|0|20|1646262387|1646261612|1646261612|1646261612|
*0|/usr/bin/ntfs-3g|849|33261|0|0|158608|1646261674|1646261613|1646261613|1646261613|
*0|/usr/bin/bc|500|33261|0|0|101064|1646261810|1646261612|1646261612|1646261612|
*0|/usr/bin/byobu-janitor|522|33261|0|0|6440|1646261612|1646261612|1646261612|1646261612|
*0|/usr/bin/su|1096|35309|0|0|67816|1646261614|1646261614|1646261614|1646261614|
*0|/usr/bin/bzfgrep|42|41471|0|0|6|1646262387|1646261612|1646261612|1646261612|
*0|/usr/bin/pod2usage|902|33261|0|0|3948|1646261613|1646261613|1646261613|1646261613|
*0|/usr/bin/delpart|617|33261|0|0|30952|1646261612|1646261612|1646261612|1646261612|
*0|/usr/bin/awk|36|41471|0|0|21|1646261664|1646261612|1646261612|1646261612|
*0|/usr/bin/setpci|986|33261|0|0|30960|1646261614|1646261614|1646261614|1646261614|
*0|/usr/bin/byobu-status|537|33261|0|0|6015|1646261612|1646261612|1646261612|1646261612|
*0|/usr/bin/htop|723|33261|0|0|189304|1646261613|1646261613|1646261613|1646261613|
*0|/usr/bin/lsipc|791|33261|0|0|96488|1646261613|1646261613|1646261613|1646261613|
*0|/usr/bin/ping4|114|41471|0|0|4|1646262387|1646261612|1646261612|1646261612|
*0|/usr/bin/splain|1080|33261|0|0|19150|1646261614|1646261614|1646261614|1646261614|
*0|/usr/bin/sg_wr_mode|1049|33261|0|0|23112|1646261614|1646261614|1646261614|1646261614|
*0|/usr/bin/md5sum|812|33261|0|0|47480|1646261664|1646261613|1646261613|1646261613|
*0|/usr/bin/dpkg-statoverride|638|33261|0|0|63760|1646261690|1646261613|1646261613|1646261613|
*0|/usr/bin/choom|562|33261|0|0|51432|1646261612|1646261612|1646261612|1646261612|
*0|/usr/bin/host|719|33261|0|0|105232|1646261613|1646261613|1646261613|1646261613|
*0|/usr/bin/sg_rdac|1013|33261|0|0|18600|1646261614|1646261614|1646261614|1646261614|
*0|/usr/bin/chattr|556|33261|0|0|14656|1646261612|1646261612|1646261612|1646261612|
*0|/usr/bin/ping6|115|41471|0|0|4|1646262387|1646261612|1646261612|1646261612|
*0|/usr/bin/dh_bash-completion|621|33261|0|0|2446|1646261612|1646261612|1646261612|1646261612|
*0|/usr/bin/apt-cdrom|482|33261|0|0|31192|1646261612|1646261612|1646261612|1646261612|
*0|/usr/bin/perlthanks|882|33261|0|0|46366|1646261613|1646261613|1646261613|1646261613|
*0|/usr/bin/xzdiff|1230|33261|0|0|6632|1646261614|1646261614|1646261614|1646261614|
*0|/usr/bin/md5sum.textutils|98|41471|0|0|6|1646262387|1646261612|1646261612|1646261612|
*0|/usr/bin/timedatectl|1136|33261|0|0|47328|1646261614|1646261614|1646261614|1646261614|
*0|/usr/bin/gpgconf|697|33261|0|0|178848|1646261637|1646261613|1646261613|1646261613|
*0|/usr/bin/openvt|869|33261|0|0|22968|1646261613|1646261613|1646261613|1646261613|
*0|/usr/bin/rm|944|33261|0|0|72056|1646261637|1646261613|1646261613|1646261613|
*0|/usr/bin/sftp|991|33261|0|0|170504|1646261614|1646261614|1646261614|1646261614|
*0|/usr/bin/sosreport|1079|33261|0|0|1057|1646261614|1646261614|1646261614|1646261614|
*0|/usr/bin/cvtsudoers|594|33261|0|0|273096|1646261612|1646261612|1646261612|1646261612|
*0|/usr/bin/purge-old-kernels|922|33261|0|0|1149|1646261613|1646261613|1646261613|1646261613|
*0|/usr/bin/chardet3|46|41471|0|0|11|1646262387|1646261612|1646261612|1646261612|
*0|/usr/bin/perl|879|33261|0|0|3478464|1646261636|1646261613|1646261613|1646261613|
*0|/usr/bin/cal|44|41471|0|0|4|1646262387|1646261612|1646261612|1646261612|
*0|/usr/bin/nano|831|33261|0|0|320136|1646261613|1646261613|1646261613|1646261613|
*0|/usr/bin/domainname|59|41471|0|0|8|1646262387|1646261612|1646261612|1646261612|
*0|/usr/bin/ul|1166|33261|0|0|18600|1646261614|1646261614|1646261614|1646261614|
*0|/usr/bin/xzless|1232|33261|0|0|1802|1646261614|1646261614|1646261614|1646261614|
*0|/usr/bin/mv|829|33261|0|0|149888|1646261664|1646261613|1646261613|1646261613|
*0|/usr/bin/xxd|1228|33261|0|0|18712|1646261797|1646261614|1646261614|1646261614|
*0|/usr/bin/scsi_ready|968|33261|0|0|1121|1646261614|1646261614|1646261614|1646261614|
*0|/usr/bin/cloud-init|573|33261|0|0|394|1646261793|1646261612|1646261612|1646261612|
*0|/usr/bin/pdb3|108|41471|0|0|6|1646262387|1646261612|1646261612|1646261612|
*0|/usr/bin/ntfswipe|864|33261|0|0|56104|1646261613|1646261613|1646261613|1646261613|
*0|/usr/bin/who|1220|33261|0|0|59768|1646261811|1646261614|1646261614|1646261614|
*0|/usr/bin/ssh-import-id|15603|33261|0|0|409|1646261688|1646261689|1646261689|1646261689|
*0|/usr/bin/manifest|807|33261|0|0|1942|1646261613|1646261613|1646261613|1646261613|
*0|/usr/bin/mdig|813|33261|0|0|51608|1646261613|1646261613|1646261613|1646261613|
*0|/usr/bin/sync|1101|33261|0|0|39256|1646261683|1646261614|1646261614|1646261614|
*0|/usr/bin/slogin|143|41471|0|0|3|1646262387|1646261612|1646261612|1646261612|
*0|/usr/bin/setarch|980|33261|0|0|27136|1646261614|1646261614|1646261614|1646261614|
*0|/usr/bin/man|804|33261|0|0|119632|1646261613|1646261613|1646261613|1646261613|
*0|/usr/bin/traceroute6|152|41471|0|0|29|1646262387|1646261612|1646261612|1646261612|
*0|/usr/bin/xzgrep|1231|33261|0|0|5628|1646261614|1646261614|1646261614|1646261614|
*0|/usr/bin/ntfscluster|852|33261|0|0|39176|1646261613|1646261613|1646261613|1646261613|
*0|/usr/bin/rrsync|131|41471|0|0|29|1646262387|1646261612|1646261612|1646261612|
*0|/usr/bin/reset|128|41471|0|0|4|1646262387|1646261612|1646261612|1646261612|
*0|/usr/bin/rvim|139|41471|0|0|22|1646262387|1646261612|1646261612|1646261612|
*0|/usr/bin/gpg-connect-agent|693|33261|0|0|167072|1646261637|1646261613|1646261613|1646261613|
*0|/usr/bin/pmap|898|33261|0|0|35064|1646261613|1646261613|1646261613|1646261613|
*0|/usr/bin/update-mime-database|1181|33261|0|0|59768|1646261614|1646261614|1646261614|1646261614|
*0|/usr/bin/sg_turs|1045|33261|0|0|14856|1646261614|1646261614|1646261614|1646261614|
*0|/usr/bin/sg_compare_and_write|993|33261|0|0|23304|1646261614|1646261614|1646261614|1646261614|
*0|/usr/bin/run-one-until-failure|135|41471|0|0|7|1646262387|1646261612|1646261612|1646261612|
*0|/usr/bin/timeout|1137|33261|0|0|43800|1646261614|1646261614|1646261614|1646261614|
*0|/usr/bin/nsenter|845|33261|0|0|35256|1646261613|1646261613|1646261613|1646261613|
*0|/usr/bin/byobu-silent|536|33261|0|0|1306|1646261612|1646261612|1646261612|1646261612|
*0|/usr/bin/journalctl|739|33261|0|0|80120|1646261791|1646261613|1646261613|1646261613|
*0|/usr/bin/getkeycodes|683|33261|0|0|14408|1646261613|1646261613|1646261613|1646261613|
*0|/usr/bin/corelist|584|33261|0|0|15088|1646261612|1646261612|1646261612|1646261612|
*0|/usr/bin/systemd-ask-password|1104|33261|0|0|14680|1646261614|1646261614|1646261614|1646261614|
*0|/usr/bin/sg_test_rwbuf|1043|33261|0|0|14792|1646261614|1646261614|1646261614|1646261614|
*0|/usr/bin/gio|687|33261|0|0|92568|1646261613|1646261613|1646261613|1646261613|
*0|/usr/bin/hd|74|41471|0|0|7|1646262387|1646261612|1646261612|1646261612|
*0|/usr/bin/byobu-disable|517|33261|0|0|1295|1646261612|1646261612|1646261612|1646261612|
*0|/usr/bin/vcs-run|1190|33261|0|0|6912|1646261614|1646261614|1646261614|1646261614|
*0|/usr/bin/systemd-analyze|1103|33261|0|0|1587584|1646261614|1646261614|1646261614|1646261614|
*0|/usr/bin/apport-collect|31|41471|0|0|10|1646262387|1646261612|1646261612|1646261612|
*0|/usr/bin/telnet|151|41471|0|0|24|1646262387|1646261612|1646261612|1646261612|
*0|/usr/bin/byobu-select-backend|532|33261|0|0|1452|1646261612|1646261612|1646261612|1646261612|
*0|/usr/bin/ntfs-3g.probe|850|33261|0|0|14568|1646261613|1646261613|1646261613|1646261613|
*0|/usr/bin/landscape-sysinfo|754|33261|0|0|624|1646261810|1646261613|1646261613|1646261613|
*0|/usr/bin/printerbanner|909|33261|0|0|22680|1646261613|1646261613|1646261613|1646261613|
*0|/usr/bin/py3compile|926|33261|0|0|12120|1646261689|1646261613|1646261613|1646261613|
*0|/usr/bin/debconf-set-selections|614|33261|0|0|2935|1646261636|1646261612|1646261612|1646261612|
*0|/usr/bin/lzdiff|91|41471|0|0|24|1646262387|1646261612|1646261612|1646261612|
*0|/usr/bin/rcp|127|41471|0|0|21|1646262387|1646261612|1646261612|1646261612|
*0|/usr/bin/systemd-tty-ask-password-agent|1123|33261|0|0|30944|1646261614|1646261614|1646261614|1646261614|
*0|/usr/bin/date|596|33261|0|0|108920|1646261675|1646261612|1646261612|1646261612|
*0|/usr/bin/byobu-ugraph|539|33261|0|0|4667|1646261612|1646261612|1646261612|1646261612|
*0|/usr/bin/tee|1130|33261|0|0|43384|1646261794|1646261614|1646261614|1646261614|
*0|/usr/bin/nice|840|33261|0|0|43352|1646261613|1646261613|1646261613|1646261613|
*0|/usr/bin/ptargrep|920|33261|0|0|4392|1646261613|1646261613|1646261613|1646261613|
*0|/usr/bin/debconf-copydb|612|33261|0|0|1719|1646261612|1646261612|1646261612|1646261612|
*0|/usr/bin/sg_rep_zones|1022|33261|0|0|27224|1646261614|1646261614|1646261614|1646261614|
*0|/usr/bin/tzselect|8365|33261|0|0|15378|1646261722|1646261722|1646261722|1646261722|
*0|/usr/bin/loginctl|779|33261|0|0|59736|1646261613|1646261613|1646261613|1646261613|
*0|/usr/bin/calendar|548|33261|0|0|35464|1646261612|1646261612|1646261612|1646261612|
*0|/usr/bin/gpg|691|33261|0|0|1066992|1646261613|1646261613|1646261613|1646261613|
*0|/usr/bin/setpriv|987|33261|0|0|47344|1646261614|1646261614|1646261614|1646261614|
*0|/usr/bin/udisksctl|1165|33261|0|0|59776|1646261614|1646261614|1646261614|1646261614|
*0|/usr/bin/tac|1125|33261|0|0|43352|1646261614|1646261614|1646261614|1646261614|
*0|/usr/bin/bsd-write|504|34285|0|5|14488|1646261612|1646261612|1646261612|1646261612|
*0|/usr/bin/grotty|708|33261|0|0|132672|1646261613|1646261613|1646261613|1646261613|
*0|/usr/bin/lzgrep|94|41471|0|0|24|1646262387|1646261612|1646261612|1646261612|
*0|/usr/bin/jsonpointer|743|33261|0|0|1838|1646261613|1646261613|1646261613|1646261613|
*0|/usr/bin/tempfile|1132|33261|0|0|14360|1646261689|1646261614|1646261614|1646261614|
*0|/usr/bin/locale|8361|33261|0|0|58944|1646261796|1646261722|1646261722|1646261722|
*0|/usr/bin/pl2pm|895|33261|0|0|4533|1646261613|1646261613|1646261613|1646261613|
*0|/usr/bin/ckbcomp|567|33261|0|0|149904|1646261792|1646261612|1646261612|1646261612|
*0|/usr/bin/git-upload-pack|70|41471|0|0|3|1646262387|1646261612|1646261612|1646261612|
*0|/usr/bin/pager|105|41471|0|0|23|1646261664|1646261612|1646261612|1646261612|
*0|/usr/bin/xdg-user-dir|1225|33261|0|0|234|1646261614|1646261614|1646261614|1646261614|
*0|/usr/bin/vim.basic|1193|33261|0|0|2906824|1646261614|1646261614|1646261614|1646261614|
*0|/usr/bin/eject|647|33261|0|0|35680|1646261613|1646261613|1646261613|1646261613|
*0|/usr/bin/touch|1143|33261|0|0|100728|1646261637|1646261614|1646261614|1646261614|
*0|/usr/bin/mount|824|35309|0|0|55528|1646261790|1646261613|1646261613|1646261613|
*0|/usr/bin/head|716|33261|0|0|47480|1646261671|1646261613|1646261613|1646261613|
*0|/usr/bin/cmp|575|33261|0|0|51296|1646261637|1646261612|1646261612|1646261612|
*0|/usr/bin/debconf-show|615|33261|0|0|1827|1646261612|1646261612|1646261612|1646261612|
*0|/usr/bin/toe|1141|33261|0|0|22840|1646261614|1646261614|1646261614|1646261614|
*0|/usr/bin/bzip2recover|545|33261|0|0|18584|1646261612|1646261612|1646261612|1646261612|
*0|/usr/bin/uptime|1182|33261|0|0|14568|1646261614|1646261614|1646261614|1646261614|
*0|/usr/bin/which|1218|33261|0|0|946|1646261665|1646261614|1646261614|1646261614|
*0|/usr/bin/sg_map26|1006|33261|0|0|27192|1646261614|1646261614|1646261614|1646261614|
*0|/usr/bin/sg_reassign|1020|33261|0|0|14856|1646261614|1646261614|1646261614|1646261614|
*0|/usr/bin/pldd|8363|33261|0|0|22904|1646261722|1646261722|1646261722|1646261722|
*0|/usr/bin/sbvarsign|958|33261|0|0|63952|1646261613|1646261613|1646261613|1646261613|
*0|/usr/bin/pwd|923|33261|0|0|43352|1646261613|1646261613|1646261613|1646261613|
*0|/usr/bin/udevadm|1164|33261|0|0|941264|1646261674|1646261614|1646261614|1646261614|
*0|/usr/bin/cut|593|33261|0|0|47480|1646261664|1646261612|1646261612|1646261612|
*0|/usr/bin/ssh-add|1085|33261|0|0|370976|1646261614|1646261614|1646261614|1646261614|
*0|/usr/bin/sg_requests|1023|33261|0|0|14920|1646261614|1646261614|1646261614|1646261614|
*0|/usr/bin/passwd|871|35309|0|0|68208|1646261613|1646261613|1646261613|1646261613|
*0|/usr/bin/col7|52|41471|0|0|4|1646262387|1646261612|1646261612|1646261612|
*0|/usr/bin/mt|99|41471|0|0|20|1646262387|1646261612|1646261612|1646261612|
*0|/usr/bin/dd|605|33261|0|0|80256|1646261674|1646261612|1646261612|1646261612|
*0|/usr/bin/wc|1213|33261|0|0|47456|1646261793|1646261614|1646261614|1646261614|
*0|/usr/bin/grub-mkfont|15552|33261|0|0|274864|1646261642|1646261642|1646261642|1646261642|
*0|/usr/bin/sg_seek|1035|33261|0|0|19176|1646261614|1646261614|1646261614|1646261614|
*0|/usr/bin/ssh-agent|1086|34285|0|114|350504|1646261614|1646261614|1646261614|1646261614|
*0|/usr/bin/byobu-reconnect-sockets|531|33261|0|0|3298|1646261612|1646261612|1646261612|1646261612|
*0|/usr/bin/run-parts|951|33261|0|0|27144|1646261665|1646261613|1646261613|1646261613|
*0|/usr/bin/lzmore|97|41471|0|0|24|1646262387|1646261612|1646261612|1646261612|
*0|/usr/bin/chardetect3|555|33261|0|0|389|1646261612|1646261612|1646261612|1646261612|
*0|/usr/bin/namei|830|33261|0|0|35048|1646261613|1646261613|1646261613|1646261613|
*0|/usr/bin/apt-mark|488|33261|0|0|63960|1646261612|1646261612|1646261612|1646261612|
*0|/usr/bin/linux32|84|41471|0|0|7|1646262387|1646261612|1646261612|1646261612|
*0|/usr/bin/unshare|1178|33261|0|0|43448|1646261791|1646261614|1646261614|1646261614|
*0|/usr/bin/w.procps|1209|33261|0|0|22760|1646261614|1646261614|1646261614|1646261614|
*0|/usr/bin/pdb3.8|109|41471|0|0|23|1646262387|1646261612|1646261612|1646261612|
*0|/usr/bin/bzgrep|543|33261|0|0|3775|1646261612|1646261612|1646261612|1646261612|
*0|/usr/bin/setmetamode|985|33261|0|0|14440|1646261614|1646261614|1646261614|1646261614|
*0|/usr/bin/lsusb|799|33261|0|0|248328|1646261613|1646261613|1646261613|1646261613|
*0|/usr/bin/dpkg-deb|633|33261|0|0|178728|1646261642|1646261612|1646261612|1646261612|
*0|/usr/bin/resolvectl|941|33261|0|0|129408|1646261613|1646261613|1646261613|1646261613|
*0|/usr/bin/sensible-pager|978|33261|0|0|452|1646261614|1646261614|1646261614|1646261614|
*0|/usr/bin/piconv|885|33261|0|0|8357|1646261613|1646261613|1646261613|1646261613|
*0|/usr/bin/update-alternatives|1180|33261|0|0|55712|1646261673|1646261614|1646261614|1646261614|
*0|/usr/bin/apport-cli|477|33261|0|0|13367|1646261612|1646261612|1646261612|1646261612|
*0|/usr/bin/ssh|1084|33261|0|0|789448|1646261614|1646261614|1646261614|1646261614|
*0|/usr/bin/lz4c|87|41471|0|0|3|1646262387|1646261612|1646261612|1646261612|
*0|/usr/bin/setleds|983|33261|0|0|14392|1646261614|1646261614|1646261614|1646261614|
*0|/usr/bin/w|164|41471|0|0|19|1646262387|1646261612|1646261612|1646261612|
*0|/usr/bin/cautious-launcher|552|33261|0|0|853|1646261612|1646261612|1646261612|1646261612|
*0|/usr/bin/dpkg-maintscript-helper|635|33261|0|0|20514|1646261642|1646261612|1646261612|1646261612|
*0|/usr/bin/sg_bg_ctl|992|33261|0|0|14696|1646261614|1646261614|1646261614|1646261614|
*0|/usr/bin/sg_write_buffer|1050|33261|0|0|27752|1646261614|1646261614|1646261614|1646261614|
*0|/usr/bin/tty|1154|33261|0|0|39256|1646261794|1646261614|1646261614|1646261614|
*0|/usr/bin/mountpoint|825|33261|0|0|14568|1646261613|1646261613|1646261613|1646261613|
*0|/usr/bin/tset|1152|33261|0|0|31040|1646261614|1646261614|1646261614|1646261614|
*0|/usr/bin/rbash|126|41471|0|0|4|1646262387|1646261612|1646261612|1646261612|
*0|/usr/bin/networkd-dispatcher|837|33261|0|0|18396|1646261796|1646261613|1646261613|1646261613|
*0|/usr/bin/gpg-zip|695|33261|0|0|3516|1646261613|1646261613|1646261613|1646261613|
*0|/usr/bin/ln|769|33261|0|0|76160|1646261667|1646261613|1646261613|1646261613|
*0|/usr/bin/lesspipe|762|33261|0|0|8564|1646261811|1646261613|1646261613|1646261613|
*0|/usr/bin/ucfq|1162|33261|0|0|19367|1646261664|1646261614|1646261614|1646261614|
*0|/usr/bin/unattended-upgrade|1170|33261|0|0|99313|1646261692|1646261614|1646261614|1646261614|
*0|/usr/bin/bunzip2|544|33261|0|0|39144|1646261612|1646261612|1646261612|1646261612|
*0|/usr/bin/gpg-agent|692|33261|0|0|418856|1646261613|1646261613|1646261613|1646261613|
*0|/usr/bin/btrfs-select-super|510|33261|0|0|441888|1646261612|1646261612|1646261612|1646261612|
*0|/usr/bin/deallocvt|606|33261|0|0|14408|1646261612|1646261612|1646261612|1646261612|
*0|/usr/bin/py3clean|925|33261|0|0|7813|1646261613|1646261613|1646261613|1646261613|
*0|/usr/bin/ubuntu-distro-info|1159|33261|0|0|23440|1646262047|1646261614|1646261614|1646261614|
*0|/usr/bin/ubuntu-advantage|1158|33261|0|0|442|1646261614|1646261614|1646261614|1646261614|
*0|/usr/bin/hostname|721|33261|0|0|26856|1646261796|1646261613|1646261613|1646261613|
*0|/usr/bin/rgrep|943|33261|0|0|30|1646261613|1646261613|1646261613|1646261613|
*0|/usr/bin/chrt|564|33261|0|0|39144|1646261612|1646261612|1646261612|1646261612|
*0|/usr/bin/ip|733|33261|0|0|611960|1646261796|1646261613|1646261613|1646261613|
*0|/usr/bin/xzfgrep|170|41471|0|0|6|1646262387|1646261612|1646261612|1646261612|
*0|/usr/bin/tload|1139|33261|0|0|22776|1646261614|1646261614|1646261614|1646261614|
*0|/usr/bin/hwe-support-status|724|33261|0|0|10830|1646261811|1646261613|1646261613|1646261613|
*0|/usr/bin/showkey|1067|33261|0|0|18504|1646261614|1646261614|1646261614|1646261614|
*0|/usr/bin/crontab|589|34285|0|105|43720|1646261612|1646261612|1646261612|1646261612|
*0|/usr/bin/ulockmgr_server|1167|33261|0|0|18584|1646261614|1646261614|1646261614|1646261614|
*0|/usr/bin/pastebinit|873|33261|0|0|16515|1646261613|1646261613|1646261613|1646261613|
*0|/usr/bin/systemd-cgls|1106|33261|0|0|22864|1646261614|1646261614|1646261614|1646261614|
*0|/usr/bin/bzcat|544|33261|0|0|39144|1646261612|1646261612|1646261612|1646261612|
*0|/usr/bin/batch|499|33261|0|0|152|1646261612|1646261612|1646261612|1646261612|
*0|/usr/bin/sg_readcap|1019|33261|0|0|23176|1646261614|1646261614|1646261614|1646261614|
*0|/usr/bin/zmore|1245|33261|0|0|1842|1646261614|1646261614|1646261614|1646261614|
*0|/usr/bin/ngettext|839|33261|0|0|43240|1646261613|1646261613|1646261613|1646261613|
*0|/usr/bin/deb-systemd-helper|607|33261|0|0|21328|1646261662|1646261612|1646261612|1646261612|
*0|/usr/bin/git-receive-pack|68|41471|0|0|3|1646262387|1646261612|1646261612|1646261612|
*0|/usr/bin/chvt|566|33261|0|0|14408|1646261612|1646261612|1646261612|1646261612|
*0|/usr/bin/envsubst|651|33261|0|0|43240|1646261613|1646261613|1646261613|1646261613|
*0|/usr/bin/debconf-communicate|611|33261|0|0|608|1646261612|1646261612|1646261612|1646261612|
*0|/usr/bin/dpkg-trigger|639|33261|0|0|84472|1646261661|1646261613|1646261613|1646261613|
*0|/usr/bin/run-one-until-success|136|41471|0|0|7|1646262387|1646261612|1646261612|1646261612|
*0|/usr/bin/chgrp|560|33261|0|0|72024|1646261801|1646261612|1646261612|1646261612|
*0|/usr/bin/bashbug|498|33261|0|0|6794|1646261612|1646261612|1646261612|1646261612|
*0|/usr/bin/nohup|842|33261|0|0|43352|1646261613|1646261613|1646261613|1646261613|
*0|/usr/bin/ginstall-info|66|41471|0|0|12|1646262387|1646261612|1646261612|1646261612|
*0|/usr/bin/grub-mknetdir|15555|33261|0|0|411200|1646261642|1646261642|1646261642|1646261642|
*0|/usr/bin/lorder|782|33261|0|0|2885|1646261613|1646261613|1646261613|1646261613|
*0|/usr/bin/pygettext3.8|928|33261|0|0|21535|1646261613|1646261613|1646261613|1646261613|
*0|/usr/bin/loadkeys|771|33261|0|0|215624|1646261674|1646261613|1646261613|1646261613|
*0|/usr/bin/gettext|685|33261|0|0|43240|1646261665|1646261613|1646261613|1646261613|
*0|/usr/bin/ipcrm|735|33261|0|0|35048|1646261613|1646261613|1646261613|1646261613|
*0|/usr/bin/apt-extracttemplates|484|33261|0|0|27104|1646261642|1646261612|1646261612|1646261612|
*0|/usr/bin/info|727|33261|0|0|317176|1646261613|1646261613|1646261613|1646261613|
*0|/usr/bin/pstree|917|33261|0|0|36008|1646261613|1646261613|1646261613|1646261613|
*0|/usr/bin/trial3|1148|33261|0|0|382|1646261614|1646261614|1646261614|1646261614|
*0|/usr/bin/nslookup|846|33261|0|0|109360|1646261613|1646261613|1646261613|1646261613|
*0|/usr/bin/shasum|1065|33261|0|0|9976|1646261614|1646261614|1646261614|1646261614|
*0|/usr/bin/pinky|888|33261|0|0|43384|1646261613|1646261613|1646261613|1646261613|
*0|/usr/bin/glib-compile-schemas|71|41471|0|0|53|1646262387|1646261612|1646261612|1646261612|
*0|/usr/bin/static-sh|146|41471|0|0|7|1646262387|1646261612|1646261612|1646261612|
*0|/usr/bin/twist3|1155|33261|0|0|382|1646261614|1646261614|1646261614|1646261614|
*0|/usr/bin/ptar|918|33261|0|0|3549|1646261613|1646261613|1646261613|1646261613|
*0|/usr/bin/vimdiff|163|41471|0|0|25|1646262387|1646261612|1646261612|1646261612|
*0|/usr/bin/gapplication|678|33261|0|0|22920|1646261613|1646261613|1646261613|1646261613|
*0|/usr/bin/pkmon|893|33261|0|0|22840|1646261613|1646261613|1646261613|1646261613|
*0|/usr/bin/dirmngr|627|33261|0|0|583536|1646261612|1646261612|1646261612|1646261612|
*0|/usr/bin/sg_referrals|1021|33261|0|0|14856|1646261614|1646261614|1646261614|1646261614|
*0|/usr/bin/plymouth|897|33261|0|0|51352|1646261673|1646261613|1646261613|1646261613|
*0|/usr/bin/sg_timestamp|1044|33261|0|0|19128|1646261614|1646261614|1646261614|1646261614|
*0|/usr/bin/mtr|827|33261|0|0|82176|1646261613|1646261613|1646261613|1646261613|
*0|/usr/bin/sg_rbuf|1012|33261|0|0|23112|1646261614|1646261614|1646261614|1646261614|
*0|/usr/bin/grub-mklayout|15554|33261|0|0|258224|1646261642|1646261642|1646261642|1646261642|
*0|/usr/bin/sg_dd|995|33261|0|0|51376|1646261614|1646261614|1646261614|1646261614|
*0|/usr/bin/vmware-vmblock-fuse|1206|33261|0|0|23104|1646261614|1646261614|1646261614|1646261614|
*0|/usr/bin/nc.openbsd|832|33261|0|0|43664|1646261613|1646261613|1646261613|1646261613|
*0|/usr/bin/linux-boot-prober|15703|33261|0|0|1577|1646261642|1646261660|1646261660|1646261660|
*0|/usr/bin/gzip|713|33261|0|0|97496|1646261664|1646261613|1646261613|1646261613|
*0|/usr/bin/uniq|1175|33261|0|0|51576|1646261673|1646261614|1646261614|1646261614|
*0|/usr/bin/pinentry|113|41471|0|0|26|1646262387|1646261612|1646261612|1646261612|
*0|/usr/bin/byobu-launch|524|33261|0|0|3329|1646261612|1646261612|1646261612|1646261612|
*0|/usr/bin/lz4|801|33261|0|0|190704|1646261675|1646261613|1646261613|1646261613|
*0|/usr/bin/sg_safte|1028|33261|0|0|23080|1646261614|1646261614|1646261614|1646261614|
*0|/usr/bin/keyring|749|33261|0|0|385|1646261613|1646261613|1646261613|1646261613|
*0|/usr/bin/loadunimap|772|33261|0|0|34952|1646261613|1646261613|1646261613|1646261613|
*0|/usr/bin/gresource|704|33261|0|0|22840|1646261613|1646261613|1646261613|1646261613|
*0|/usr/bin/ncal|833|33261|0|0|37832|1646261613|1646261613|1646261613|1646261613|
*0|/usr/bin/systemd-run|1118|33261|0|0|59824|1646261614|1646261614|1646261614|1646261614|
*0|/usr/bin/lsblk|787|33261|0|0|133352|1646261685|1646261613|1646261613|1646261613|
*0|/usr/bin/vmware-checkvm|1199|33261|0|0|14560|1646261614|1646261614|1646261614|1646261614|
*0|/usr/bin/systemd-delta|1108|33261|0|0|26848|1646261614|1646261614|1646261614|1646261614|
*0|/usr/bin/col9|54|41471|0|0|4|1646262387|1646261612|1646261612|1646261612|
*0|/usr/bin/gettext.sh|686|33261|0|0|4629|1646261613|1646261613|1646261613|1646261613|
*0|/usr/bin/preconv|907|33261|0|0|68104|1646261613|1646261613|1646261613|1646261613|
*0|/usr/bin/groups|709|33261|0|0|39256|1646261811|1646261613|1646261613|1646261613|
*0|/usr/bin/grub-fstest|15548|33261|0|0|923488|1646261642|1646261642|1646261642|1646261642|
*0|/usr/bin/comm|582|33261|0|0|43384|1646261612|1646261612|1646261612|1646261612|
*0|/usr/bin/setfont|981|33261|0|0|47240|1646261674|1646261614|1646261614|1646261614|
*0|/usr/bin/debconf|609|33261|0|0|2859|1646261612|1646261612|1646261612|1646261612|
*0|/usr/bin/ipcmk|734|33261|0|0|35120|1646261613|1646261613|1646261613|1646261613|
*0|/usr/bin/dbus-cleanup-sockets|597|33261|0|0|14480|1646261612|1646261612|1646261612|1646261612|
*0|/usr/bin/lzcat|89|41471|0|0|23|1646262387|1646261612|1646261612|1646261612|
*0|/usr/bin/umount|1168|35309|0|0|39144|1646261797|1646261614|1646261614|1646261614|
*0|/usr/bin/git-upload-archive|69|41471|0|0|3|1646262387|1646261612|1646261612|1646261612|
*0|/usr/bin/write|165|41471|0|0|23|1646262387|1646261612|1646261612|1646261612|
*0|/usr/bin/systemd-mount|1115|33261|0|0|51664|1646261614|1646261614|1646261614|1646261614|
*0|/usr/bin/iconv|8359|33261|0|0|68000|1646261722|1646261722|1646261722|1646261722|
*0|/usr/bin/unicode_start|1173|33261|0|0|2762|1646261614|1646261614|1646261614|1646261614|
*0|/usr/bin/free|670|33261|0|0|26864|1646261613|1646261613|1646261613|1646261613|
*0|/usr/bin/telnet.netkit|1131|33261|0|0|115376|1646261614|1646261614|1646261614|1646261614|
*0|/usr/bin/sg_stream_ctl|1041|33261|0|0|23080|1646261614|1646261614|1646261614|1646261614|
*0|/usr/bin/col1|578|33261|0|0|963|1646261612|1646261612|1646261612|1646261612|
*0|/usr/bin/mk_modmap|817|33261|0|0|16163|1646261613|1646261613|1646261613|1646261613|
*0|/usr/bin/apropos|32|41471|0|0|6|1646262387|1646261612|1646261612|1646261612|
*0|/usr/bin/mtr-packet|828|33261|0|0|39296|1646261613|1646261613|1646261613|1646261613|
*0|/usr/bin/sha384sum|1063|33261|0|0|67960|1646261614|1646261614|1646261614|1646261614|
*0|/usr/bin/vmstat|1197|33261|0|0|39168|1646261614|1646261614|1646261614|1646261614|
*0|/usr/bin/from|63|41471|0|0|22|1646262387|1646261612|1646261612|1646261612|
*0|/usr/bin/pyhtmlizer3|929|33261|0|0|392|1646261613|1646261613|1646261613|1646261613|
*0|/usr/bin/file|662|33261|0|0|27104|1646261613|1646261613|1646261613|1646261613|
*0|/usr/bin/grub-mkpasswd-pbkdf2|15556|33261|0|0|254160|1646261642|1646261642|1646261642|1646261642|
*0|/usr/bin/editor|61|41471|0|0|24|1646262387|1646261612|1646261612|1646261612|
*0|/usr/bin/col4|49|41471|0|0|4|1646262387|1646261612|1646261612|1646261612|
*0|/usr/bin/mkdir|818|33261|0|0|88408|1646261652|1646261613|1646261613|1646261613|
*0|/usr/bin/vmware-vgauth-cmd|1204|33261|0|0|18584|1646261614|1646261614|1646261614|1646261614|
*0|/usr/bin/findmnt|666|33261|0|0|73128|1646261613|1646261613|1646261613|1646261613|
*0|/usr/bin/dpkg|632|33261|0|0|309944|1646261636|1646261612|1646261612|1646261612|
*0|/usr/bin/c_rehash|547|33261|0|0|6332|1646261612|1646261612|1646261612|1646261612|
*0|/usr/bin/vmware-xferlogs|1207|33261|0|0|14560|1646261614|1646261614|1646261614|1646261614|
*0|/usr/bin/grub-kbdcomp|15550|33261|0|0|1681|1646261642|1646261642|1646261642|1646261642|
*0|/usr/bin/shred|1068|33261|0|0|63864|1646261614|1646261614|1646261614|1646261614|
*0|/usr/bin/bash|497|33261|0|0|1183448|1646261664|1646261612|1646261612|1646261612|
*0|/usr/bin/arch|490|33261|0|0|39288|1646261612|1646261612|1646261612|1646261612|
*0|/usr/bin/sg_ses_microcode|1038|33261|0|0|31976|1646261614|1646261614|1646261614|1646261614|
*0|/usr/bin/mandb|806|33261|0|0|142432|1646261664|1646261613|1646261613|1646261613|
*0|/usr/bin/sg_raw|1011|33261|0|0|31400|1646261614|1646261614|1646261614|1646261614|
*0|/usr/bin/ltrace|800|33261|0|0|308560|1646261613|1646261613|1646261613|1646261613|
*0|/usr/bin/faillog|657|33261|0|0|23136|1646261613|1646261613|1646261613|1646261613|
*0|/usr/bin/grub-syslinux2cfg|15563|33261|0|0|759056|1646261642|1646261642|1646261642|1646261642|
*0|/usr/bin/pkcon|891|33261|0|0|76088|1646261613|1646261613|1646261613|1646261613|
*0|/usr/bin/factor|656|33261|0|0|80248|1646261613|1646261613|1646261613|1646261613|
*0|/usr/bin/expr|655|33261|0|0|55640|1646261709|1646261613|1646261613|1646261613|
*0|/usr/bin/lslogins|793|33261|0|0|67816|1646261613|1646261613|1646261613|1646261613|
*0|/usr/bin/grep|703|33261|0|0|199136|1646261642|1646261613|1646261613|1646261613|
*0|/usr/bin/base32|494|33261|0|0|43352|1646261612|1646261612|1646261612|1646261612|
*0|/usr/bin/logger|777|33261|0|0|52040|1646261685|1646261613|1646261613|1646261613|
*0|/usr/bin/tbl|1129|33261|0|0|141832|1646261614|1646261614|1646261614|1646261614|
*0|/usr/bin/zcmp|1236|33261|0|0|1678|1646261614|1646261614|1646261614|1646261614|
*0|/usr/bin/apt|480|33261|0|0|18824|1646261612|1646261612|1646261612|1646261612|
*0|/usr/bin/false|659|33261|0|0|39256|1646261613|1646261613|1646261613|1646261613|
*0|/usr/bin/systemd-escape|1110|33261|0|0|22752|1646261614|1646261614|1646261614|1646261614|
*0|/usr/bin/getopt|684|33261|0|0|22760|1646261664|1646261613|1646261613|1646261613|
*0|/usr/bin/utmpdump|1187|33261|0|0|30952|1646261614|1646261614|1646261614|1646261614|
*0|/usr/bin/pidof|112|41471|0|0|14|1646261792|1646261612|1646261612|1646261612|
*0|/usr/bin/dbus-send|601|33261|0|0|30864|1646261664|1646261612|1646261612|1646261612|
*0|/usr/bin/dpkg-divert|634|33261|0|0|154208|1646261636|1646261612|1646261612|1646261612|
*0|/usr/bin/systemd-detect-virt|1109|33261|0|0|18656|1646261664|1646261614|1646261614|1646261614|
*0|/usr/bin/localectl|775|33261|0|0|26848|1646261613|1646261613|1646261613|1646261613|
*0|/usr/bin/pbget|106|41471|0|0|5|1646262387|1646261612|1646261612|1646261612|
*0|/usr/bin/fwupdtool|676|33261|0|0|347056|1646261613|1646261613|1646261613|1646261613|
*0|/usr/bin/nsupdate|848|33261|0|0|72216|1646261613|1646261613|1646261613|1646261613|
*0|/usr/bin/col|577|33261|0|0|18584|1646261612|1646261612|1646261612|1646261612|
*0|/usr/bin/newgrp|838|35309|0|0|44784|1646261613|1646261613|1646261613|1646261613|
### END python3 fs.py -d /usr/bin###

